,race,age,Hour
1,Black,32.0,21
2,Black,44.0,20
4,Black,23.0,15
5,Black,46.0,10
6,Black,18.0,20
7,Black,25.0,21
10,Black,21.0,0
11,Black,21.0,12
13,Black,22.0,16
14,White,34.0,0
16,White,31.0,23
17,White,50.0,23
18,Black,43.0,22
19,Black,23.0,22
20,Black,24.0,13
21,Black,27.0,20
22,White,52.0,3
23,Black,19.0,13
25,Black,25.0,23
26,Black,30.0,14
27,Black,28.0,2
29,Black,22.0,20
30,Black,30.0,11
31,Black,23.0,23
32,Black,27.0,23
33,Black,26.0,16
34,White,47.0,1
36,Black,19.0,0
38,Black,34.0,20
41,Black,21.0,16
42,Black,32.0,21
43,Black,36.0,22
44,Black,23.0,22
45,Black,22.0,2
46,Black,22.0,22
48,White,30.0,20
50,Black,36.0,0
56,Black,34.0,21
61,Black,27.0,4
62,White,23.0,1
63,Black,26.0,17
64,Black,25.0,22
65,Black,36.0,17
66,White,21.0,15
67,Black,22.0,20
72,Black,33.0,10
74,Black,19.0,0
75,Black,33.0,21
76,Black,50.0,20
77,Black,28.0,17
78,Black,22.0,22
79,Black,16.0,0
81,Black,40.0,21
83,Black,27.0,0
84,Black,35.0,0
89,Black,18.0,22
90,Black,28.0,20
93,Black,28.0,22
94,White,43.0,9
96,Black,29.0,22
97,Black,42.0,4
98,Black,25.0,12
101,Black,43.0,11
102,Black,16.0,16
103,Black,31.0,20
104,Black,28.0,20
105,Black,40.0,23
106,Black,18.0,22
108,Black,22.0,1
110,Black,23.0,22
111,Black,31.0,3
112,Black,21.0,20
113,White,31.0,17
114,Black,35.0,0
115,Black,28.0,0
116,Black,19.0,17
117,Black,51.0,1
118,Black,15.0,22
119,White,22.0,14
120,Black,18.0,19
121,Black,21.0,21
122,Black,29.0,3
123,Black,19.0,16
126,White,37.0,23
129,Black,20.0,20
131,Black,30.0,3
132,Black,27.0,23
135,Black,16.0,4
136,Black,32.0,0
138,Black,17.0,0
139,Black,51.0,22
140,Black,29.0,11
142,Black,18.0,1
143,Black,20.0,20
144,White,36.0,18
145,White,26.0,5
146,Black,19.0,1
148,Black,21.0,0
151,Black,21.0,23
153,Black,35.0,13
154,Black,48.0,18
155,White,43.0,22
156,Black,28.0,21
157,Black,38.0,18
158,Black,27.0,17
159,Black,19.0,0
162,Black,24.0,22
163,Black,23.0,15
164,Black,49.0,15
167,Black,24.0,22
168,Black,30.0,17
169,Black,21.0,22
170,Black,26.0,22
171,Black,34.0,23
172,Black,23.0,11
173,White,19.0,1
174,Black,24.0,12
175,Black,21.0,17
179,Black,24.0,13
180,White,23.0,14
181,Black,23.0,19
187,Black,48.0,16
190,Black,31.0,21
191,Black,20.0,21
192,Black,15.0,7
193,Black,42.0,3
196,Black,24.0,15
199,Black,43.0,20
200,Black,24.0,20
201,Black,17.0,23
202,Black,47.0,20
203,Black,37.0,21
204,Black,38.0,21
205,Black,32.0,5
206,Black,26.0,17
207,Black,18.0,17
208,Black,26.0,0
209,Black,26.0,0
211,Black,18.0,1
212,Black,24.0,21
214,Black,24.0,2
215,Black,22.0,1
216,White,31.0,1
217,Black,28.0,0
219,White,35.0,20
220,Black,11.0,22
221,Black,22.0,20
222,Black,23.0,21
223,Black,17.0,22
225,Black,37.0,20
227,Black,47.0,23
228,Black,41.0,20
229,Black,33.0,11
230,Black,22.0,18
231,White,32.0,3
232,Black,19.0,8
235,Black,19.0,19
236,Black,34.0,23
237,Black,43.0,1
239,Black,48.0,15
240,Black,20.0,21
241,Black,16.0,0
242,Black,28.0,22
243,Black,31.0,11
244,Black,27.0,16
245,Black,27.0,2
246,Black,48.0,23
247,Black,21.0,0
249,Black,27.0,14
250,Black,31.0,12
251,White,23.0,3
252,Black,64.0,14
256,White,22.0,23
257,Black,40.0,0
258,White,31.0,23
259,Black,27.0,21
260,Black,24.0,17
262,Black,25.0,14
264,Black,23.0,13
265,Black,24.0,18
267,White,20.0,3
269,Black,37.0,22
270,Black,21.0,19
272,Black,22.0,2
273,Black,19.0,19
274,Black,25.0,23
275,Black,30.0,0
276,Black,19.0,0
277,Black,28.0,9
279,Black,33.0,23
280,Black,24.0,19
281,Black,20.0,18
282,Black,53.0,15
283,Black,27.0,23
285,Black,47.0,0
286,Black,41.0,2
287,Black,22.0,16
288,Black,29.0,18
289,Black,22.0,1
290,Black,40.0,22
291,Black,24.0,20
292,Black,33.0,22
293,White,19.0,0
295,Black,28.0,23
297,Black,23.0,14
300,Black,34.0,17
301,Black,25.0,15
304,Black,22.0,21
305,Black,45.0,18
307,Black,15.0,16
308,Black,35.0,15
309,Black,44.0,22
311,Black,22.0,16
312,Black,31.0,1
313,Black,19.0,23
315,Black,23.0,15
317,White,31.0,10
318,Black,63.0,7
319,White,23.0,1
320,Black,23.0,16
321,Black,16.0,23
322,Black,24.0,21
324,Black,17.0,21
325,White,28.0,16
326,Black,28.0,0
327,Black,25.0,17
328,White,21.0,1
330,Black,53.0,3
334,Black,29.0,12
336,Black,29.0,23
337,Black,17.0,0
338,Black,28.0,19
340,Black,19.0,14
342,Black,22.0,20
344,Black,27.0,23
345,White,37.0,12
346,Black,25.0,21
347,White,22.0,23
348,White,31.0,8
350,Black,28.0,1
351,Black,17.0,22
352,White,3.0,20
354,Black,37.0,2
355,Black,26.0,18
357,Black,18.0,14
358,Black,27.0,17
359,Other,28.0,1
360,Black,15.0,21
361,White,30.0,4
362,Black,31.0,15
365,Black,20.0,20
366,White,31.0,0
367,White,30.0,1
369,Black,36.0,19
370,Black,36.0,1
371,Black,24.0,19
372,Black,21.0,18
373,White,13.0,23
375,Black,35.0,18
376,Black,21.0,10
377,Black,22.0,0
378,Black,42.0,1
380,Black,34.0,14
381,Black,18.0,20
383,White,24.0,20
384,Black,28.0,22
385,Black,39.0,2
386,Black,24.0,20
387,Black,18.0,0
388,Black,37.0,16
389,Black,40.0,16
399,Black,14.0,0
400,Black,28.0,1
402,Black,23.0,15
404,Black,20.0,23
405,Black,51.0,17
407,Black,24.0,3
408,Black,51.0,16
409,Black,26.0,0
410,Black,35.0,18
411,Black,20.0,21
412,Black,32.0,23
413,Black,16.0,1
414,Black,31.0,23
415,Black,48.0,2
416,Black,30.0,22
418,Black,27.0,3
419,Black,26.0,0
420,White,17.0,19
422,White,24.0,20
425,Black,29.0,15
426,Black,16.0,23
428,Black,22.0,23
431,Black,19.0,22
432,Black,20.0,2
433,White,32.0,19
434,Black,23.0,13
435,White,29.0,11
437,Black,19.0,23
438,Black,27.0,11
442,Black,16.0,3
444,Black,25.0,18
446,Black,22.0,19
447,White,29.0,23
448,Black,19.0,13
449,Black,27.0,20
450,Black,22.0,13
452,Black,27.0,23
454,Black,25.0,11
455,Black,17.0,22
457,Black,27.0,20
459,Black,23.0,1
460,Black,50.0,22
461,Black,31.0,1
464,Black,23.0,11
465,White,48.0,11
466,White,10.0,20
467,White,19.0,23
468,Black,42.0,20
470,Black,20.0,20
471,Black,28.0,12
472,Black,57.0,13
473,Black,20.0,14
474,Black,46.0,21
475,Black,44.0,18
476,Black,36.0,22
477,Black,31.0,12
479,Black,23.0,17
480,Black,24.0,2
482,White,22.0,5
483,Black,30.0,17
485,Black,22.0,18
486,Black,19.0,14
487,Black,28.0,13
488,White,24.0,12
489,Black,23.0,13
490,Black,18.0,22
492,White,41.0,23
493,Black,15.0,0
494,Black,19.0,16
496,Black,29.0,22
500,Black,19.0,22
501,Black,40.0,6
502,Black,21.0,18
504,Black,28.0,16
506,Black,31.0,17
508,Black,27.0,0
509,Black,25.0,17
510,Black,22.0,3
511,Black,33.0,9
512,Black,23.0,11
513,Black,56.0,11
514,White,20.0,1
515,Black,29.0,17
517,White,23.0,23
518,Black,27.0,20
520,Black,19.0,14
521,Black,23.0,18
523,Black,19.0,2
524,Black,24.0,23
525,Black,22.0,19
526,Black,24.0,11
527,Black,21.0,22
528,Black,18.0,0
529,Black,28.0,23
530,Black,26.0,19
531,White,23.0,23
532,Black,23.0,14
533,Black,27.0,1
534,Black,15.0,21
535,Black,19.0,14
536,Black,44.0,22
538,Black,59.0,19
540,Black,46.0,21
541,Black,25.0,21
543,Black,30.0,21
544,Black,21.0,21
546,Black,24.0,15
547,Black,39.0,23
549,White,19.0,17
550,Black,24.0,22
551,Black,20.0,15
552,Black,25.0,14
554,Black,28.0,12
557,Black,54.0,12
558,Black,46.0,12
559,White,30.0,23
560,Black,22.0,20
562,Black,24.0,18
563,White,37.0,15
564,White,17.0,16
565,Black,25.0,5
567,White,20.0,15
568,Black,21.0,4
570,Black,68.0,9
572,Black,30.0,19
573,Black,16.0,22
574,Black,34.0,22
575,Black,19.0,10
577,Black,29.0,2
581,Black,21.0,22
582,Black,32.0,21
583,Black,16.0,21
584,Black,33.0,18
588,White,31.0,16
589,Black,35.0,5
590,Black,36.0,0
591,Black,27.0,4
592,Black,13.0,23
594,Black,21.0,15
595,Black,32.0,20
596,Black,21.0,21
598,Black,22.0,17
600,Black,27.0,1
602,Black,20.0,12
603,Black,24.0,1
604,Black,20.0,17
605,Black,17.0,23
606,Black,20.0,5
607,White,21.0,5
608,White,22.0,19
610,Black,38.0,1
612,Black,18.0,23
613,Black,22.0,14
614,Black,26.0,2
615,White,36.0,23
618,Black,23.0,22
619,Black,20.0,19
621,Black,25.0,16
622,Black,30.0,3
624,Black,46.0,23
627,Black,29.0,1
628,Black,19.0,13
630,White,29.0,11
631,Black,26.0,1
632,Black,28.0,23
634,White,20.0,1
635,Black,25.0,9
636,Black,18.0,17
637,Black,15.0,20
639,Black,7.0,23
640,Black,26.0,3
642,White,37.0,18
644,Black,19.0,23
646,Black,31.0,13
647,Black,39.0,21
648,Black,13.0,17
650,Black,17.0,1
652,Black,22.0,15
653,Black,22.0,2
654,Black,31.0,22
655,Black,20.0,13
658,Black,23.0,2
662,Black,23.0,21
668,Black,24.0,2
669,Black,23.0,17
670,Black,24.0,21
671,Black,20.0,0
672,White,22.0,15
673,Black,20.0,21
674,Black,37.0,10
675,Black,54.0,0
677,Black,18.0,14
678,White,20.0,22
679,Black,26.0,11
680,Black,26.0,3
681,Black,26.0,23
683,Black,30.0,19
687,Black,25.0,18
688,Black,33.0,18
689,Black,18.0,23
690,White,38.0,12
691,Black,19.0,18
692,Black,20.0,22
693,Black,18.0,15
694,Black,20.0,13
696,Black,21.0,1
697,Black,41.0,2
698,Black,16.0,21
700,Black,31.0,22
701,Black,36.0,0
703,Black,26.0,3
704,Black,31.0,10
710,Asian,22.0,20
711,Black,28.0,17
713,White,24.0,5
714,White,32.0,23
715,Black,25.0,21
716,Black,19.0,23
717,Black,24.0,23
718,Black,26.0,7
720,Black,22.0,3
721,Black,36.0,23
722,Black,26.0,23
723,Black,36.0,4
724,Black,29.0,13
725,Black,54.0,21
726,Black,33.0,15
727,Black,18.0,22
729,Black,13.0,20
730,Black,21.0,22
731,Black,22.0,22
732,Black,21.0,0
733,Black,21.0,11
734,White,18.0,21
735,Black,25.0,23
737,Black,20.0,17
738,Black,40.0,19
739,Black,23.0,14
740,Black,21.0,21
741,White,51.0,10
743,White,17.0,22
744,Black,20.0,0
747,Black,10.0,13
748,Black,33.0,14
750,White,24.0,3
751,White,27.0,23
752,Black,27.0,12
753,Black,19.0,16
754,Black,25.0,18
755,Black,22.0,15
758,Black,20.0,15
759,White,21.0,1
760,Black,27.0,17
763,Black,27.0,20
764,Black,33.0,1
765,Black,12.0,22
766,Black,20.0,12
767,Black,46.0,16
768,White,38.0,13
770,Black,39.0,23
771,Black,25.0,17
772,Black,17.0,18
773,Black,32.0,1
774,Black,24.0,22
775,Black,27.0,20
776,Black,22.0,21
778,Black,19.0,2
779,Black,43.0,2
781,Black,29.0,18
782,Black,22.0,0
783,Black,33.0,15
784,Black,27.0,21
786,Black,33.0,23
787,Black,23.0,2
788,Black,20.0,21
791,Black,30.0,1
792,White,22.0,18
794,Black,27.0,15
795,Black,35.0,4
796,Black,23.0,23
797,Black,22.0,18
798,Black,30.0,20
799,Black,21.0,23
800,Black,20.0,23
801,Black,29.0,21
802,Black,27.0,2
803,Black,22.0,22
804,Black,18.0,22
805,Black,17.0,0
808,Black,28.0,13
809,Black,26.0,18
810,Black,47.0,2
811,Black,17.0,17
812,Black,22.0,20
814,Black,35.0,23
819,Black,26.0,1
820,White,23.0,15
821,Black,15.0,17
822,Black,62.0,17
823,Black,25.0,0
824,Black,29.0,17
825,Black,20.0,19
826,Black,45.0,17
830,Black,41.0,0
831,Black,36.0,14
832,Black,26.0,18
833,Black,26.0,13
834,Black,28.0,13
835,Black,17.0,2
836,Black,6.0,23
837,White,17.0,23
839,Black,20.0,12
841,Black,21.0,20
842,Black,36.0,2
843,Black,18.0,13
844,Black,26.0,20
845,Black,27.0,23
846,Black,19.0,0
847,Black,35.0,17
848,White,19.0,21
850,Black,24.0,2
851,Black,27.0,19
852,Black,23.0,19
856,Black,21.0,22
857,Black,30.0,10
858,White,22.0,3
859,Black,20.0,20
860,Black,20.0,21
861,Black,22.0,1
864,Black,23.0,14
865,Black,25.0,4
867,Black,14.0,3
870,White,23.0,13
872,White,18.0,22
873,Black,33.0,1
875,Black,55.0,1
876,Black,23.0,11
877,White,33.0,12
878,Black,31.0,18
879,Black,23.0,20
880,Black,19.0,3
881,Black,23.0,22
882,Black,20.0,2
885,Black,39.0,11
886,Black,15.0,23
887,Black,39.0,19
888,Black,28.0,22
889,Black,79.0,22
891,Black,29.0,1
892,Black,39.0,21
893,Black,30.0,22
894,Black,28.0,14
895,Black,22.0,16
896,Black,28.0,23
897,Black,11.0,21
898,Black,15.0,22
900,Black,35.0,23
901,White,27.0,3
902,Black,29.0,4
903,Black,31.0,22
904,Black,21.0,22
905,Black,24.0,0
906,Black,20.0,19
909,Black,20.0,14
910,White,38.0,2
913,Black,27.0,22
914,Black,23.0,2
915,Black,26.0,22
916,Black,20.0,22
917,Black,18.0,21
919,Black,24.0,16
921,White,22.0,23
923,White,32.0,20
924,Black,21.0,0
925,Black,35.0,1
926,Black,36.0,22
927,Black,27.0,0
928,White,20.0,6
931,Black,19.0,17
936,Black,38.0,16
937,Black,18.0,1
938,Black,26.0,1
939,Black,20.0,1
940,Black,21.0,21
941,Black,44.0,0
942,White,24.0,22
943,Black,38.0,1
944,White,30.0,20
945,White,30.0,15
946,Black,19.0,22
947,Black,26.0,17
956,Black,22.0,21
958,Black,32.0,0
959,Black,20.0,18
961,Black,43.0,3
963,Black,39.0,14
964,Black,33.0,5
965,Black,17.0,20
966,White,55.0,1
967,Black,19.0,18
969,Black,22.0,19
970,Black,20.0,0
971,White,23.0,23
973,White,23.0,21
978,Black,60.0,16
979,Black,21.0,11
980,Black,34.0,18
981,Black,27.0,3
982,Black,22.0,14
983,Black,31.0,14
986,Black,21.0,1
987,Black,22.0,21
988,Black,16.0,17
989,Asian,27.0,18
990,Black,44.0,3
992,Black,33.0,19
995,Black,28.0,0
996,Black,22.0,14
998,Black,23.0,22
999,Black,27.0,13
1000,Black,22.0,1
1001,Black,25.0,21
1002,Black,28.0,20
1005,Black,28.0,20
1006,Black,19.0,19
1007,Asian,36.0,12
1008,Black,16.0,23
1010,White,19.0,20
1012,Black,22.0,13
1013,Black,32.0,20
1014,Black,22.0,16
1015,White,99.0,23
1016,Black,37.0,0
1017,Black,32.0,3
1018,Black,19.0,15
1019,Black,20.0,15
1020,Black,26.0,0
1022,Asian,30.0,19
1023,Black,18.0,21
1025,Black,32.0,0
1026,Black,38.0,9
1029,Black,30.0,20
1030,Black,19.0,13
1034,Black,18.0,18
1035,Black,50.0,17
1037,Black,23.0,19
1039,Black,18.0,0
1041,Black,20.0,2
1042,Black,21.0,20
1043,Black,27.0,21
1045,Black,41.0,15
1046,Black,16.0,14
1051,White,29.0,16
1052,Black,47.0,23
1053,Black,18.0,0
1054,Black,24.0,2
1061,Black,32.0,12
1063,Black,46.0,22
1064,Black,25.0,0
1065,White,26.0,7
1070,Black,21.0,22
1071,Black,25.0,2
1072,Black,19.0,23
1073,Black,30.0,15
1074,White,23.0,17
1075,Black,27.0,2
1076,Black,16.0,4
1079,Black,42.0,0
1082,Black,32.0,21
1083,Black,28.0,17
1084,Black,22.0,19
1085,Black,23.0,3
1086,Black,21.0,1
1087,White,23.0,18
1088,Black,18.0,1
1090,Black,42.0,12
1093,Black,38.0,4
1094,White,25.0,6
1095,White,18.0,22
1096,Black,25.0,21
1097,Black,38.0,23
1098,Black,19.0,20
1099,Black,24.0,22
1100,White,32.0,17
1101,Black,61.0,17
1102,Black,19.0,15
1103,Black,23.0,22
1104,Black,39.0,23
1105,Black,18.0,19
1106,Black,40.0,20
1107,White,9.0,18
1108,Black,38.0,22
1110,Black,23.0,5
1111,Black,23.0,23
1112,White,28.0,19
1113,Black,62.0,15
1114,Black,20.0,18
1115,Black,23.0,2
1116,Black,43.0,13
1117,Black,22.0,16
1119,White,25.0,21
1121,Black,26.0,21
1123,Black,28.0,6
1125,Black,8.0,20
1127,Black,27.0,21
1128,White,23.0,19
1129,Black,19.0,20
1130,Black,17.0,21
1132,Black,31.0,23
1133,Black,20.0,19
1134,Black,58.0,20
1139,Black,23.0,1
1140,Black,21.0,16
1141,Black,18.0,1
1142,Black,35.0,20
1143,Black,26.0,2
1145,White,25.0,22
1146,Black,31.0,22
1148,Black,29.0,21
1149,White,72.0,9
1151,Black,27.0,13
1152,Black,40.0,17
1153,White,44.0,1
1154,Black,17.0,22
1157,Black,17.0,23
1158,Black,23.0,0
1159,Black,31.0,3
1160,Black,24.0,21
1161,Black,30.0,1
1162,Black,29.0,1
1163,Black,23.0,1
1164,White,24.0,23
1166,Black,21.0,11
1167,Black,17.0,19
1168,Black,23.0,16
1169,Black,28.0,21
1170,Black,99.0,1
1171,Black,34.0,0
1172,Black,24.0,20
1173,Black,22.0,1
1174,Black,59.0,21
1175,Black,39.0,22
1176,Black,22.0,1
1177,Black,25.0,13
1178,Black,19.0,18
1179,White,36.0,1
1180,Black,37.0,10
1181,Black,19.0,17
1182,Black,18.0,14
1183,Black,22.0,3
1184,Black,22.0,23
1186,Black,29.0,13
1187,White,28.0,12
1188,Black,18.0,15
1189,White,28.0,4
1190,Black,23.0,19
1191,Black,17.0,23
1193,Black,43.0,18
1194,Black,27.0,2
1195,Black,23.0,20
1196,Black,22.0,22
1197,Black,33.0,23
1198,Black,21.0,13
1199,Black,58.0,13
1200,Black,26.0,22
1201,Black,37.0,23
1202,Black,23.0,16
1203,Black,28.0,22
1206,Black,19.0,17
1210,Black,16.0,15
1211,Black,20.0,0
1212,Black,34.0,20
1213,Black,29.0,18
1215,Black,50.0,1
1219,Black,23.0,14
1220,Black,43.0,2
1221,Black,41.0,6
1222,Black,31.0,19
1223,Black,19.0,0
1224,Black,34.0,14
1225,Black,18.0,1
1226,Black,35.0,13
1228,Black,24.0,23
1229,Black,19.0,1
1230,Black,19.0,12
1231,Black,28.0,14
1232,Black,40.0,21
1233,Black,47.0,22
1235,Black,34.0,23
1236,White,37.0,20
1237,Black,23.0,18
1238,Black,19.0,18
1240,Black,28.0,1
1242,Black,19.0,23
1243,Black,40.0,20
1245,White,19.0,5
1246,Black,17.0,0
1247,Black,35.0,22
1248,White,27.0,4
1249,Black,23.0,19
1253,Black,24.0,20
1254,Black,26.0,11
1255,Black,22.0,22
1256,Black,33.0,19
1257,Black,26.0,22
1258,Black,25.0,22
1259,Black,38.0,22
1260,Black,33.0,0
1261,Black,28.0,14
1263,Black,23.0,18
1265,Black,20.0,1
1266,Black,23.0,5
1267,White,16.0,22
1268,Black,23.0,20
1269,Black,24.0,3
1272,White,25.0,21
1273,White,26.0,12
1276,Black,26.0,21
1277,Black,21.0,19
1278,White,75.0,20
1280,Black,36.0,13
1281,White,44.0,2
1282,Black,25.0,2
1283,Black,35.0,20
1287,White,19.0,0
1288,Black,32.0,21
1289,Black,27.0,18
1290,Black,31.0,1
1291,Black,23.0,19
1292,Black,24.0,21
1295,Black,28.0,16
1296,Black,48.0,23
1297,Black,17.0,11
1298,Black,27.0,16
1301,Black,49.0,17
1302,Black,24.0,23
1304,Black,30.0,22
1305,Black,22.0,1
1306,Black,30.0,4
1307,Black,23.0,12
1308,White,17.0,0
1309,Black,16.0,15
1310,Black,21.0,18
1311,Black,24.0,6
1313,Black,23.0,23
1314,Black,21.0,18
1316,Black,22.0,18
1317,White,17.0,1
1318,Black,29.0,17
1319,Black,32.0,1
1320,Black,51.0,13
1321,Black,52.0,18
1322,Black,21.0,21
1323,Black,32.0,22
1324,Black,31.0,22
1326,Black,19.0,23
1327,Black,26.0,22
1328,White,20.0,13
1329,Black,28.0,18
1330,Black,19.0,22
1331,Black,25.0,13
1332,White,18.0,1
1333,Black,27.0,23
1335,Black,27.0,21
1336,White,12.0,21
1339,Black,20.0,7
1341,White,28.0,18
1342,Black,36.0,8
1343,Black,30.0,21
1344,White,26.0,0
1345,Black,29.0,8
1346,Black,53.0,23
1349,White,21.0,6
1350,Black,40.0,21
1351,Black,14.0,22
1353,White,29.0,18
1354,Black,29.0,1
1355,Black,23.0,6
1356,Black,28.0,23
1357,Black,51.0,1
1358,Black,19.0,19
1360,Black,35.0,20
1362,Black,18.0,15
1363,Black,28.0,22
1364,Black,29.0,2
1366,Black,23.0,23
1368,Black,22.0,13
1369,Black,18.0,20
1370,Black,19.0,0
1371,Black,18.0,13
1372,Black,20.0,0
1373,Black,21.0,20
1375,White,21.0,12
1376,Black,29.0,20
1377,Black,25.0,23
1378,White,30.0,0
1380,Black,21.0,16
1381,Black,29.0,0
1382,Black,22.0,2
1383,Black,24.0,12
1385,Black,34.0,17
1386,Black,18.0,9
1389,Black,28.0,17
1391,White,30.0,13
1392,Black,27.0,0
1393,Black,23.0,1
1394,White,19.0,20
1395,Black,22.0,11
1396,Black,18.0,17
1397,Black,25.0,19
1398,Black,18.0,3
1399,Black,19.0,0
1400,Black,25.0,20
1401,Black,53.0,0
1402,Black,25.0,0
1403,Black,30.0,3
1404,Black,51.0,6
1406,Black,26.0,3
1408,Black,20.0,21
1409,White,43.0,13
1410,Black,33.0,18
1411,Black,19.0,19
1412,Black,20.0,0
1414,Black,45.0,14
1416,White,26.0,1
1418,Black,23.0,2
1420,Black,24.0,23
1421,Black,32.0,0
1422,Black,25.0,23
1423,Black,33.0,23
1425,White,41.0,22
1426,Black,24.0,20
1427,Black,24.0,17
1430,Black,23.0,16
1431,Black,38.0,11
1432,Black,15.0,21
1433,Black,32.0,14
1434,Black,18.0,1
1437,Black,23.0,19
1438,White,11.0,15
1440,White,18.0,18
1441,Black,19.0,16
1443,Black,40.0,11
1446,White,25.0,1
1447,Black,26.0,19
1448,Black,47.0,0
1450,Black,18.0,23
1455,Black,23.0,20
1456,Black,25.0,22
1459,Black,19.0,21
1462,Black,28.0,18
1465,Black,19.0,3
1466,White,49.0,19
1467,Black,19.0,20
1468,Black,38.0,18
1469,White,22.0,21
1470,Black,30.0,0
1471,Black,23.0,18
1472,Black,26.0,17
1473,Black,54.0,18
1474,Black,19.0,0
1475,White,23.0,5
1476,Black,31.0,3
1478,Black,22.0,12
1479,Black,24.0,14
1480,Black,21.0,14
1481,Black,44.0,21
1482,Black,18.0,22
1483,Black,17.0,22
1484,Black,37.0,7
1486,Black,32.0,10
1487,Black,24.0,15
1488,Black,58.0,19
1489,Black,42.0,17
1491,White,25.0,18
1492,Black,32.0,0
1493,Black,24.0,13
1494,Black,10.0,18
1495,Black,18.0,14
1496,White,26.0,21
1497,Black,22.0,0
1498,Black,29.0,0
1499,Black,32.0,2
1500,Black,26.0,16
1501,Black,20.0,21
1502,White,34.0,13
1503,Black,43.0,19
1504,Black,38.0,21
1505,Black,6.0,18
1508,Black,22.0,22
1510,Black,29.0,14
1511,Black,21.0,21
1512,Black,17.0,21
1514,Black,35.0,20
1515,Black,47.0,19
1516,Black,26.0,23
1518,Black,18.0,0
1519,Black,34.0,18
1520,Black,7.0,21
1523,Black,16.0,0
1524,Black,30.0,0
1526,Black,25.0,1
1527,Black,32.0,23
1528,White,49.0,17
1529,Black,38.0,5
1531,Black,34.0,15
1532,Black,23.0,16
1533,Black,23.0,23
1534,Black,14.0,16
1536,Black,18.0,22
1537,Black,20.0,23
1538,Black,20.0,2
1540,White,22.0,23
1541,Black,19.0,0
1542,Black,26.0,20
1543,Black,19.0,22
1544,Black,15.0,19
1547,Black,44.0,6
1548,White,42.0,2
1549,White,20.0,17
1550,Black,21.0,11
1551,Black,36.0,12
1553,Black,31.0,14
1555,Black,15.0,22
1556,Black,29.0,21
1557,Black,21.0,1
1558,White,22.0,19
1559,White,46.0,12
1564,Black,18.0,15
1566,Black,54.0,11
1568,Black,25.0,11
1569,White,28.0,11
1570,Black,18.0,11
1571,White,29.0,20
1572,White,16.0,12
1576,Black,50.0,22
1577,Black,17.0,1
1578,Black,32.0,23
1579,Black,31.0,23
1580,Black,15.0,0
1581,Black,23.0,17
1582,Black,25.0,9
1583,Black,31.0,17
1584,Black,48.0,18
1586,Black,41.0,1
1587,Black,24.0,9
1588,Black,26.0,1
1589,Black,46.0,22
1591,Black,19.0,0
1593,Black,22.0,23
1594,Black,27.0,19
1595,Black,21.0,21
1596,Black,25.0,17
1597,Black,21.0,0
1598,Black,19.0,1
1601,White,48.0,4
1602,Black,14.0,1
1604,Black,29.0,13
1605,Black,34.0,2
1606,Black,18.0,3
1607,Black,19.0,18
1609,Black,19.0,16
1610,Black,34.0,17
1611,Black,24.0,19
1612,White,99.0,2
1614,Black,31.0,2
1615,White,46.0,22
1617,Black,22.0,13
1618,Black,28.0,20
1621,Black,58.0,22
1622,Black,25.0,19
1623,Black,24.0,17
1625,Black,22.0,3
1626,Black,18.0,18
1627,Black,35.0,12
1629,Black,18.0,17
1631,Black,48.0,18
1632,Black,15.0,22
1633,White,22.0,19
1634,Black,38.0,22
1635,White,17.0,18
1638,Black,19.0,1
1643,Black,22.0,0
1644,Black,17.0,14
1645,Black,23.0,18
1646,Black,25.0,14
1647,Black,22.0,23
1648,Black,28.0,22
1649,Black,39.0,0
1650,Black,23.0,18
1651,Black,38.0,13
1652,White,31.0,22
1653,Black,25.0,18
1654,Black,52.0,0
1655,Black,35.0,21
1656,Black,23.0,15
1657,Black,22.0,19
1658,Black,18.0,7
1659,Black,44.0,0
1660,Black,38.0,22
1661,Black,51.0,18
1662,Black,26.0,17
1663,Black,19.0,22
1664,Black,21.0,0
1665,White,27.0,18
1666,Black,18.0,22
1667,White,30.0,2
1668,Black,36.0,1
1670,Black,25.0,6
1671,Black,17.0,23
1672,Black,28.0,15
1673,Black,20.0,12
1674,Black,28.0,23
1675,Black,30.0,2
1676,Black,26.0,21
1677,Black,22.0,21
1678,White,28.0,12
1680,Black,20.0,21
1681,Black,18.0,21
1682,Black,99.0,23
1683,Black,61.0,23
1684,Black,38.0,0
1687,Black,16.0,20
1688,Black,27.0,22
1689,Black,37.0,13
1690,Black,13.0,23
1691,Black,20.0,1
1692,Black,24.0,18
1693,Black,20.0,19
1694,Black,46.0,0
1695,Black,21.0,0
1698,White,24.0,7
1699,White,55.0,11
1700,Black,19.0,23
1701,Black,18.0,19
1702,Black,30.0,0
1705,Black,23.0,23
1706,White,28.0,2
1708,Black,22.0,20
1709,Black,26.0,19
1711,Black,49.0,3
1713,White,52.0,5
1714,Black,50.0,0
1715,Black,27.0,21
1716,Black,19.0,1
1718,Black,16.0,0
1719,White,25.0,7
1720,White,28.0,6
1721,Black,28.0,0
1722,White,24.0,23
1723,Asian,25.0,12
1724,Black,20.0,23
1726,White,26.0,21
1727,Black,59.0,23
1728,Black,28.0,21
1730,White,30.0,11
1731,White,11.0,16
1732,Black,27.0,23
1733,Black,22.0,0
1736,Black,19.0,14
1738,White,30.0,11
1741,Black,31.0,22
1742,Black,43.0,3
1743,Black,16.0,21
1745,Black,20.0,0
1746,White,58.0,16
1748,Black,19.0,11
1749,Black,24.0,4
1750,White,22.0,13
1752,Black,26.0,22
1753,Black,24.0,20
1755,White,54.0,20
1759,Black,21.0,2
1760,Black,35.0,13
1762,Black,20.0,20
1764,Black,38.0,3
1766,Black,26.0,16
1768,Black,22.0,17
1769,Black,21.0,0
1771,Black,47.0,17
1773,Black,21.0,17
1774,Black,20.0,20
1777,Black,21.0,22
1778,Black,20.0,16
1779,Black,39.0,12
1781,Black,25.0,17
1782,Black,28.0,22
1783,Black,29.0,20
1784,White,28.0,21
1785,Black,18.0,19
1786,Black,21.0,1
1788,Black,70.0,14
1789,Asian,55.0,12
1790,Black,27.0,1
1791,Black,25.0,2
1792,Black,16.0,0
1793,White,33.0,20
1794,Black,26.0,3
1795,Black,48.0,0
1796,White,19.0,22
1797,White,20.0,23
1798,Black,48.0,20
1800,Black,28.0,2
1801,Black,40.0,11
1803,Black,24.0,22
1804,Black,19.0,3
1805,Black,22.0,21
1806,Black,21.0,18
1807,Black,14.0,22
1809,Black,31.0,18
1810,Black,19.0,1
1816,Black,20.0,2
1817,White,55.0,2
1818,White,20.0,4
1819,Black,21.0,23
1820,Black,24.0,21
1821,Black,30.0,5
1822,White,27.0,18
1823,Black,36.0,23
1824,Black,57.0,20
1825,Black,36.0,23
1827,Black,19.0,11
1829,White,22.0,17
1830,White,34.0,22
1831,Black,27.0,11
1832,White,25.0,2
1833,Black,21.0,21
1834,Black,48.0,22
1835,Black,25.0,18
1836,Black,14.0,20
1837,Black,27.0,15
1838,Black,23.0,23
1839,Black,20.0,23
1840,Black,26.0,1
1841,Black,30.0,2
1844,Black,24.0,9
1845,Black,24.0,0
1846,White,48.0,16
1847,Black,21.0,13
1850,Black,28.0,18
1851,Black,23.0,0
1852,Black,40.0,19
1853,White,25.0,20
1854,Black,20.0,1
1855,Black,26.0,19
1856,Black,37.0,4
1857,Black,40.0,15
1860,White,41.0,23
1861,Black,25.0,22
1865,Black,24.0,18
1866,White,37.0,1
1867,Black,25.0,1
1868,Black,37.0,3
1869,Black,32.0,21
1870,White,18.0,17
1871,Black,22.0,13
1873,Black,31.0,1
1874,Black,31.0,19
1875,Black,18.0,15
1876,White,56.0,6
1877,Black,48.0,18
1878,White,27.0,0
1879,Black,24.0,1
1880,Black,21.0,16
1881,Black,20.0,14
1883,Black,24.0,4
1887,White,29.0,20
1890,Black,27.0,21
1891,Black,19.0,22
1892,Black,32.0,8
1893,Black,18.0,20
1894,Black,20.0,11
1895,White,23.0,5
1896,White,30.0,13
1897,Black,30.0,18
1898,Black,25.0,6
1899,Black,53.0,4
1900,Black,17.0,12
1902,Black,23.0,13
1903,Asian,44.0,20
1904,Black,24.0,1
1905,Black,20.0,23
1910,White,54.0,15
1911,Black,22.0,23
1912,Black,21.0,1
1914,Black,21.0,2
1915,Black,20.0,15
1918,Black,26.0,2
1919,Black,22.0,12
1923,Black,21.0,2
1924,Black,23.0,2
1927,Black,28.0,21
1928,Black,26.0,0
1929,Black,34.0,4
1930,Black,25.0,17
1931,Black,28.0,0
1932,Black,20.0,18
1933,Black,33.0,0
1934,White,18.0,0
1935,White,55.0,21
1937,Black,26.0,22
1938,Black,22.0,22
1939,White,28.0,20
1942,Black,26.0,23
1944,Black,18.0,18
1945,Black,17.0,20
1946,Black,26.0,1
1948,Black,26.0,18
1951,Black,40.0,3
1953,Black,24.0,2
1954,Black,16.0,17
1956,Black,33.0,18
1958,Black,21.0,17
1959,Black,55.0,16
1960,Black,22.0,12
1961,Black,21.0,13
1962,Black,24.0,0
1963,Black,24.0,1
1964,White,29.0,15
1965,Black,15.0,17
1966,Black,24.0,17
1967,Black,15.0,17
1969,Black,44.0,21
1970,Black,23.0,22
1972,Black,18.0,23
1973,White,40.0,4
1974,Black,22.0,17
1979,Black,22.0,22
1980,Black,26.0,23
1981,Black,24.0,13
1982,Asian,32.0,0
1985,Black,22.0,22
1986,White,21.0,9
1987,Black,21.0,18
1988,Black,31.0,23
1989,Black,12.0,2
1990,Black,30.0,1
1991,Black,20.0,22
1993,Black,28.0,22
1994,Black,39.0,22
1995,White,28.0,17
1996,Black,21.0,14
1997,Black,30.0,14
1998,Black,6.0,2
1999,Black,20.0,23
2000,White,35.0,2
2002,Black,23.0,17
2003,Black,22.0,18
2004,Black,22.0,23
2005,Black,20.0,23
2007,Black,35.0,2
2008,Black,25.0,16
2010,Black,23.0,1
2011,White,27.0,1
2013,Black,28.0,1
2014,Black,18.0,17
2015,Black,24.0,21
2016,Black,20.0,20
2019,Black,48.0,14
2020,Black,22.0,22
2021,Black,19.0,17
2022,Black,20.0,21
2023,Black,29.0,22
2024,Black,19.0,0
2025,Black,18.0,16
2026,Black,21.0,18
2027,White,24.0,0
2028,Black,26.0,15
2030,Black,16.0,15
2031,White,30.0,22
2032,Black,28.0,3
2033,Black,22.0,13
2035,Black,17.0,3
2036,Black,21.0,22
2037,Black,20.0,0
2039,Black,19.0,23
2040,Black,29.0,3
2041,White,28.0,18
2042,White,22.0,18
2044,Black,38.0,23
2052,Black,31.0,23
2053,Black,16.0,22
2054,Black,33.0,18
2057,Black,29.0,2
2058,Black,1.0,21
2061,Black,22.0,21
2062,Black,26.0,21
2063,Black,15.0,21
2064,Black,22.0,21
2067,Black,30.0,21
2068,White,26.0,23
2069,Black,22.0,0
2070,Black,17.0,12
2071,Black,25.0,19
2072,Black,18.0,3
2073,Black,30.0,22
2074,Black,18.0,23
2077,Black,18.0,21
2078,Black,21.0,22
2079,Black,25.0,16
2080,Black,23.0,17
2081,Black,17.0,16
2082,Black,22.0,23
2083,Black,25.0,16
2084,Black,31.0,0
2087,Black,27.0,20
2090,White,22.0,21
2094,Black,21.0,11
2095,Black,17.0,20
2096,Black,33.0,1
2097,Black,18.0,20
2098,Black,19.0,23
2100,Black,21.0,14
2102,Black,28.0,0
2103,Black,24.0,21
2104,Black,27.0,23
2105,Black,34.0,23
2109,Black,23.0,19
2113,Black,28.0,21
2114,Black,19.0,0
2115,Black,19.0,20
2116,Black,21.0,13
2117,White,25.0,23
2119,Black,21.0,12
2121,Black,21.0,23
2123,Black,23.0,0
2124,Black,32.0,20
2125,Black,17.0,23
2126,Black,44.0,0
2128,Black,21.0,21
2129,Black,21.0,19
2130,Black,25.0,3
2131,Black,25.0,10
2132,Black,29.0,20
2133,Black,29.0,20
2134,White,24.0,11
2135,White,22.0,7
2137,Black,26.0,19
2138,Black,21.0,1
2139,Black,28.0,3
2140,Black,24.0,2
2142,Black,24.0,23
2143,Black,26.0,21
2145,Black,16.0,14
2146,White,22.0,2
2147,Black,40.0,3
2148,Black,23.0,18
2150,Black,26.0,0
2151,Black,22.0,15
2152,White,18.0,1
2153,Black,22.0,22
2154,Black,26.0,23
2155,White,18.0,21
2156,Black,22.0,1
2157,White,20.0,2
2158,White,17.0,16
2160,Black,30.0,3
2161,Black,29.0,0
2163,Black,21.0,0
2165,White,25.0,3
2166,Black,21.0,20
2167,Black,21.0,12
2168,Black,32.0,21
2169,White,24.0,7
2170,Black,21.0,16
2171,Black,29.0,19
2172,Black,47.0,21
2173,Black,29.0,23
2174,Black,19.0,21
2175,White,56.0,17
2176,White,31.0,22
2177,Black,21.0,0
2179,White,22.0,1
2181,Black,28.0,14
2182,Black,31.0,2
2183,Black,23.0,13
2184,Black,56.0,20
2185,Black,19.0,6
2186,Black,20.0,23
2187,Black,32.0,17
2188,Black,19.0,1
2189,Black,35.0,1
2190,Black,20.0,20
2191,Black,22.0,2
2192,Black,20.0,22
2193,Black,30.0,3
2194,Black,24.0,0
2195,Black,50.0,0
2196,Black,28.0,1
2199,Black,19.0,21
2201,Black,23.0,1
2203,Black,17.0,0
2204,Black,23.0,9
2205,Black,21.0,3
2206,Black,22.0,17
2207,Black,45.0,17
2208,Black,18.0,1
2209,Black,17.0,4
2210,Black,29.0,1
2211,Black,25.0,2
2212,Black,28.0,13
2213,White,26.0,3
2215,Black,20.0,22
2216,Black,24.0,17
2218,Black,26.0,1
2219,Black,31.0,23
2220,Black,25.0,21
2222,Black,16.0,21
2224,Black,16.0,22
2225,Black,23.0,13
2226,Black,57.0,23
2227,Black,15.0,20
2228,Black,20.0,20
2229,Black,27.0,3
2230,Black,26.0,4
2231,White,24.0,14
2232,Black,24.0,23
2233,Black,23.0,2
2234,Black,18.0,0
2235,Black,19.0,1
2237,White,46.0,22
2238,Black,18.0,1
2241,Black,25.0,23
2242,Black,27.0,2
2247,Black,21.0,4
2249,Black,40.0,16
2250,Black,16.0,17
2251,Black,19.0,12
2254,Black,27.0,20
2256,Black,30.0,22
2257,White,28.0,11
2258,White,20.0,14
2259,Black,23.0,20
2260,Black,24.0,20
2262,Black,28.0,0
2263,Black,29.0,5
2265,Black,39.0,23
2266,White,56.0,18
2267,Black,26.0,23
2268,Black,21.0,23
2273,Black,17.0,13
2274,Black,20.0,17
2275,Black,40.0,22
2276,Black,22.0,6
2279,Black,41.0,17
2280,Black,17.0,23
2281,Black,61.0,18
2283,Black,34.0,19
2285,Black,38.0,18
2286,Black,25.0,20
2287,Black,19.0,21
2289,Black,23.0,2
2293,Black,24.0,4
2296,Black,21.0,15
2298,Black,33.0,18
2303,Black,31.0,6
2305,Black,19.0,19
2307,White,21.0,8
2308,Black,23.0,18
2311,Black,17.0,7
2312,Black,16.0,18
2313,Black,20.0,19
2314,Black,19.0,21
2315,Black,28.0,21
2319,Black,29.0,0
2320,Black,21.0,16
2321,Black,29.0,23
2322,Black,26.0,17
2323,Black,24.0,0
2326,Black,19.0,10
2327,Black,51.0,19
2328,Black,27.0,2
2329,Black,40.0,21
2330,Black,71.0,0
2331,Black,24.0,2
2334,White,26.0,20
2335,Black,22.0,20
2336,Black,38.0,20
2338,Black,27.0,2
2339,Black,35.0,21
2340,Black,34.0,21
2343,Black,39.0,14
2344,Black,19.0,18
2345,Black,16.0,21
2346,Black,27.0,20
2349,White,22.0,22
2351,Black,35.0,21
2352,Black,28.0,0
2354,Black,25.0,13
2356,Black,19.0,20
2357,Black,18.0,20
2358,Black,33.0,2
2360,Black,17.0,16
2362,Black,34.0,14
2363,White,19.0,5
2364,Black,28.0,17
2366,Black,47.0,21
2367,Black,40.0,22
2368,Black,33.0,2
2370,Black,28.0,21
2372,Black,57.0,23
2373,Black,19.0,23
2375,Black,30.0,0
2376,Black,21.0,16
2377,Black,29.0,0
2378,Asian,57.0,19
2379,Black,44.0,20
2380,Black,31.0,14
2382,Black,26.0,18
2383,Black,31.0,13
2384,Black,29.0,18
2385,Black,19.0,21
2386,Black,24.0,23
2387,Black,59.0,21
2388,Black,29.0,23
2389,White,30.0,13
2390,Black,30.0,14
2391,Black,30.0,20
2392,Black,21.0,21
2393,Black,23.0,22
2394,Black,29.0,18
2395,Black,19.0,18
2396,Black,20.0,18
2398,Black,28.0,20
2400,Black,27.0,8
2401,Black,22.0,22
2403,Black,16.0,0
2404,Black,17.0,2
2405,Black,44.0,2
2406,Black,30.0,2
2408,Black,23.0,18
2409,Black,20.0,21
2410,Black,23.0,0
2411,Black,40.0,0
2413,Black,25.0,15
2414,Black,41.0,16
2415,Black,25.0,21
2416,Black,25.0,23
2417,Black,19.0,0
2420,Black,19.0,4
2421,Black,28.0,12
2422,Black,40.0,2
2423,Black,23.0,16
2424,White,22.0,18
2426,Black,30.0,21
2427,Black,26.0,2
2429,Black,48.0,21
2430,Black,22.0,9
2431,Black,29.0,14
2434,Black,25.0,17
2435,Black,22.0,2
2437,Black,17.0,23
2438,Black,30.0,10
2439,Black,45.0,15
2440,Black,30.0,21
2441,Black,44.0,2
2442,Black,26.0,21
2443,Black,21.0,5
2452,Black,21.0,20
2453,Black,19.0,20
2454,Black,56.0,1
2456,Black,33.0,16
2458,Black,35.0,0
2459,Black,26.0,3
2460,White,47.0,5
2462,Black,20.0,21
2463,White,20.0,23
2464,Black,34.0,11
2465,Black,64.0,17
2466,Black,33.0,18
2467,Black,20.0,18
2468,Black,24.0,20
2469,White,17.0,21
2470,Black,24.0,22
2471,White,24.0,22
2472,Black,14.0,19
2474,White,25.0,18
2475,Black,18.0,16
2476,Black,27.0,19
2477,Black,42.0,20
2478,Black,23.0,20
2479,Black,30.0,1
2480,Black,52.0,14
2481,Black,21.0,15
2482,Black,32.0,2
2484,Black,23.0,15
2485,Black,30.0,7
2487,Black,25.0,1
2488,Black,24.0,1
2491,Black,19.0,21
2492,Black,30.0,23
2493,Black,33.0,19
2494,Black,22.0,21
2495,Black,29.0,2
2497,White,35.0,10
2498,Black,20.0,17
2499,Black,20.0,20
2500,Black,21.0,23
2503,Black,39.0,8
2504,Black,19.0,16
2505,Black,24.0,17
2506,Black,25.0,20
2507,Black,42.0,0
2508,Black,29.0,2
2510,Black,41.0,13
2511,Black,23.0,0
2512,Black,22.0,18
2513,Black,21.0,18
2514,Black,27.0,20
2515,White,21.0,17
2516,Black,31.0,22
2517,Black,30.0,22
2518,Black,19.0,19
2520,Black,29.0,22
2521,Black,17.0,6
2522,Black,31.0,12
2523,Black,40.0,20
2524,Black,20.0,1
2525,Black,51.0,14
2526,Black,20.0,18
2528,Black,25.0,9
2529,Black,22.0,17
2530,Black,26.0,4
2531,White,22.0,1
2533,Black,17.0,21
2534,Black,18.0,21
2535,Black,35.0,0
2538,Black,27.0,2
2539,Black,22.0,3
2541,Black,23.0,16
2542,Black,26.0,22
2543,White,28.0,6
2544,Black,29.0,8
2545,Black,24.0,15
2546,Black,41.0,22
2547,Black,25.0,0
2548,Black,20.0,15
2550,Black,22.0,16
2551,Black,22.0,15
2553,Black,22.0,21
2554,Black,21.0,22
2556,Black,24.0,19
2557,Black,32.0,23
2561,Black,30.0,1
2562,Black,25.0,13
2563,Black,18.0,21
2564,Black,68.0,18
2565,White,41.0,19
2566,Black,16.0,20
2567,White,37.0,23
2568,White,38.0,3
2569,Black,26.0,4
2571,Black,38.0,12
2572,Black,17.0,20
2573,Black,16.0,20
2574,Black,19.0,20
2575,Black,30.0,22
2576,White,31.0,23
2578,Black,51.0,3
2579,Black,54.0,3
2580,Black,22.0,18
2581,Black,32.0,23
2582,Black,42.0,20
2583,Black,42.0,14
2584,White,46.0,22
2585,White,19.0,20
2586,White,49.0,20
2587,Black,20.0,18
2591,White,47.0,21
2592,Black,31.0,23
2593,Black,21.0,0
2594,White,27.0,5
2596,Black,22.0,13
2597,Black,14.0,16
2598,Black,21.0,0
2601,Black,19.0,12
2602,Black,21.0,0
2603,White,23.0,3
2604,Black,24.0,20
2605,Black,27.0,21
2606,Black,28.0,22
2607,Black,25.0,1
2611,Black,37.0,21
2613,Black,47.0,18
2614,Black,42.0,23
2615,Black,32.0,16
2616,Black,30.0,20
2617,Black,39.0,1
2619,Black,40.0,2
2621,Black,16.0,22
2622,Black,22.0,0
2623,Black,33.0,3
2624,Black,31.0,3
2625,Black,61.0,19
2626,Black,26.0,23
2628,Black,25.0,2
2629,Black,26.0,3
2630,Black,26.0,3
2631,Black,26.0,3
2632,White,41.0,3
2633,White,32.0,4
2634,White,45.0,13
2635,Black,57.0,16
2636,White,23.0,2
2637,Black,19.0,13
2639,Black,28.0,13
2645,Black,17.0,21
2646,Black,21.0,3
2647,Black,21.0,15
2648,Black,22.0,23
2649,Black,29.0,1
2651,White,39.0,14
2652,Black,24.0,20
2653,Black,42.0,0
2656,Black,26.0,13
2657,Black,20.0,0
2658,Black,30.0,23
2659,Black,23.0,0
2660,Black,19.0,21
2662,Black,19.0,22
2666,Black,23.0,1
2667,Black,52.0,2
2668,White,13.0,23
2669,Black,62.0,21
2670,Black,20.0,16
2671,Black,20.0,0
2673,White,47.0,0
2674,White,37.0,3
2675,White,18.0,3
2676,White,26.0,13
2679,Black,28.0,20
2680,Black,23.0,21
2681,White,26.0,23
2682,Black,42.0,18
2683,Black,19.0,23
2686,Black,21.0,1
2689,Black,29.0,18
2690,Black,51.0,17
2691,Black,18.0,17
2692,White,18.0,20
2693,Black,27.0,22
2694,Black,27.0,15
2696,White,17.0,21
2697,Black,41.0,3
2698,Black,21.0,16
2700,Black,23.0,22
2701,Black,40.0,14
2702,Black,36.0,17
2703,Black,28.0,0
2704,Black,26.0,1
2705,Black,53.0,15
2706,Black,22.0,17
2707,White,19.0,21
2708,Black,22.0,21
2709,Black,51.0,21
2710,Black,21.0,22
2711,Black,28.0,2
2712,Black,28.0,17
2714,White,26.0,1
2719,Black,22.0,2
2721,Black,31.0,23
2722,Black,26.0,16
2723,Black,22.0,21
2725,Black,26.0,2
2727,White,16.0,23
2728,Black,25.0,22
2729,Black,24.0,23
2730,White,26.0,1
2731,Black,43.0,23
2732,Black,30.0,1
2733,Black,49.0,2
2735,Black,20.0,13
2736,Black,16.0,15
2738,Black,34.0,16
2739,Black,23.0,22
2741,Black,24.0,4
2742,Black,26.0,23
2743,Black,15.0,17
2745,Black,27.0,20
2746,Black,23.0,17
2747,Black,27.0,21
2749,Black,39.0,21
2752,Black,24.0,19
2753,Black,27.0,21
2754,Black,29.0,23
2755,White,51.0,21
2756,White,28.0,21
2757,White,24.0,7
2758,Black,46.0,8
2759,Black,46.0,9
2760,White,20.0,2
2761,Black,33.0,0
2762,Black,34.0,0
2764,White,29.0,4
2765,Black,18.0,12
2766,Black,17.0,15
2769,White,17.0,0
2774,Black,49.0,18
2775,Black,38.0,0
2776,Black,38.0,13
2778,Black,25.0,7
2779,Black,52.0,8
2780,Black,38.0,18
2781,Black,22.0,21
2782,Black,21.0,13
2784,Black,27.0,4
2785,Black,29.0,16
2786,Black,50.0,4
2788,Black,4.0,23
2789,Black,23.0,1
2790,White,22.0,22
2791,Black,35.0,5
2792,Black,44.0,18
2793,Black,20.0,22
2794,Black,25.0,11
2795,Black,16.0,19
2796,Black,36.0,1
2797,Black,36.0,2
2798,White,28.0,14
2799,Black,19.0,14
2800,White,47.0,16
2801,White,43.0,0
2803,Black,17.0,19
2804,Black,40.0,0
2805,Black,15.0,1
2806,Black,35.0,21
2807,Black,40.0,21
2808,Black,30.0,21
2809,Black,30.0,19
2811,Black,36.0,21
2813,Black,44.0,16
2814,Black,28.0,22
2815,White,31.0,5
2817,Black,19.0,11
2818,Black,16.0,14
2819,Black,44.0,3
2821,Black,15.0,23
2822,Black,31.0,20
2823,Black,40.0,20
2825,Black,25.0,12
2826,Black,25.0,1
2827,Black,35.0,2
2830,White,18.0,22
2831,Black,19.0,23
2832,Black,41.0,4
2834,Black,19.0,13
2836,Black,18.0,22
2837,Black,23.0,3
2838,Black,18.0,21
2839,Black,25.0,21
2840,Black,41.0,18
2841,Black,18.0,23
2843,Black,60.0,7
2844,Black,44.0,1
2845,Black,22.0,20
2846,Black,22.0,5
2848,Black,27.0,16
2849,Black,17.0,21
2850,Black,32.0,18
2856,Black,24.0,19
2857,White,66.0,2
2860,Black,22.0,20
2861,Black,17.0,2
2862,Black,18.0,3
2863,Black,19.0,9
2865,White,28.0,20
2866,White,24.0,21
2867,White,29.0,21
2868,Black,39.0,22
2870,Black,25.0,2
2871,Black,36.0,0
2873,Black,49.0,3
2874,Black,19.0,0
2878,White,25.0,20
2879,Black,19.0,11
2880,Black,22.0,12
2881,Black,44.0,21
2882,Black,26.0,0
2883,White,27.0,1
2884,White,29.0,15
2885,Black,28.0,15
2887,Black,27.0,15
2888,White,17.0,17
2890,White,21.0,18
2894,Black,24.0,19
2895,Black,23.0,19
2896,Black,24.0,3
2897,Black,19.0,12
2898,Black,39.0,13
2899,Black,18.0,22
2900,White,32.0,18
2902,Black,29.0,17
2903,Black,18.0,18
2904,Black,27.0,21
2908,Black,25.0,21
2910,Black,72.0,0
2912,Black,21.0,0
2913,Black,36.0,22
2915,Black,40.0,20
2916,Black,34.0,21
2919,Black,21.0,21
2920,Black,19.0,0
2922,Black,28.0,0
2923,Black,21.0,22
2924,Black,21.0,22
2927,Black,16.0,23
2928,Black,24.0,23
2929,Black,18.0,1
2930,Black,16.0,1
2934,Black,25.0,4
2935,Black,53.0,18
2936,Black,33.0,12
2938,Black,17.0,18
2939,Black,35.0,19
2940,Black,24.0,20
2941,Black,48.0,11
2942,Black,26.0,21
2944,Black,25.0,18
2947,Black,25.0,18
2948,Black,28.0,21
2949,Black,45.0,21
2950,Black,24.0,23
2951,Black,32.0,1
2952,Black,22.0,1
2955,Black,18.0,1
2956,Black,,22
2957,Black,33.0,0
2959,Asian,23.0,18
2960,Black,39.0,20
2961,Black,18.0,20
2962,Black,35.0,22
2963,Black,31.0,0
2964,Black,53.0,3
2966,Black,51.0,1
2967,White,20.0,12
2969,White,29.0,13
2970,Black,36.0,16
2971,Black,21.0,17
2972,Black,31.0,18
2973,White,34.0,19
2974,White,21.0,19
2975,Black,23.0,19
2976,White,11.0,19
2977,Black,17.0,21
2979,Black,30.0,23
2981,Black,56.0,0
2982,Black,49.0,13
2984,Black,13.0,20
2985,Black,18.0,20
2986,Black,19.0,20
2987,White,37.0,21
2989,White,38.0,4
2990,Black,24.0,11
2991,White,26.0,20
2992,White,39.0,21
2993,White,36.0,21
2995,Black,27.0,23
2996,Black,43.0,23
2997,Black,23.0,1
2998,White,34.0,2
2999,Black,39.0,21
3000,Black,37.0,16
3001,White,31.0,20
3007,Black,24.0,0
3008,Black,25.0,18
3009,Black,27.0,20
3012,White,26.0,22
3013,Black,26.0,22
3014,Black,26.0,6
3015,Black,26.0,13
3016,White,30.0,19
3018,White,54.0,1
3020,Black,25.0,2
3021,Black,50.0,15
3022,Black,23.0,6
3024,Black,37.0,2
3025,Black,17.0,15
3027,Black,19.0,14
3029,Black,35.0,0
3030,Black,25.0,3
3031,Black,21.0,15
3032,Black,22.0,18
3036,White,67.0,15
3037,Black,35.0,17
3038,Black,21.0,19
3039,Black,23.0,19
3040,Black,23.0,19
3041,Black,22.0,21
3042,White,23.0,22
3043,Black,24.0,22
3045,Black,28.0,19
3046,Black,20.0,13
3047,White,22.0,14
3048,Black,24.0,14
3049,Black,40.0,23
3050,Black,14.0,3
3051,Black,37.0,20
3052,Black,28.0,21
3053,Black,15.0,0
3054,Black,33.0,2
3055,Black,24.0,3
3056,Black,14.0,3
3057,Black,15.0,23
3058,Black,17.0,23
3059,Black,56.0,1
3061,Black,60.0,13
3062,Black,23.0,12
3063,White,38.0,10
3064,Black,26.0,15
3065,Black,37.0,20
3066,Black,29.0,17
3069,White,40.0,15
3070,Black,24.0,21
3071,Black,26.0,22
3072,Black,32.0,18
3073,Black,25.0,21
3074,Black,22.0,4
3076,Black,30.0,22
3079,Black,27.0,3
3080,Black,15.0,22
3081,White,41.0,15
3084,Black,33.0,19
3085,Black,38.0,9
3086,Black,23.0,18
3087,Black,28.0,1
3088,Black,28.0,21
3090,Black,41.0,11
3091,Black,19.0,0
3092,White,17.0,0
3093,Black,16.0,2
3094,Black,24.0,3
3095,Black,23.0,10
3096,Black,63.0,11
3097,White,39.0,17
3098,Black,26.0,21
3099,Black,33.0,2
3103,Black,26.0,2
3104,Black,32.0,3
3105,Black,24.0,3
3106,Black,25.0,10
3107,Black,44.0,20
3108,Black,25.0,21
3109,Black,17.0,22
3110,Black,31.0,2
3111,Black,26.0,2
3112,Black,22.0,12
3113,Black,23.0,13
3114,Black,25.0,20
3115,Black,27.0,8
3117,Black,35.0,11
3122,Black,25.0,0
3123,Black,23.0,19
3124,Black,22.0,19
3125,Black,27.0,21
3126,Black,21.0,0
3128,Black,16.0,20
3129,White,24.0,15
3130,Black,15.0,19
3131,Black,12.0,21
3132,Black,59.0,20
3134,White,42.0,19
3137,Black,16.0,18
3138,Black,17.0,19
3139,Black,22.0,12
3142,Black,28.0,0
3143,Black,56.0,0
3144,Black,21.0,11
3145,Black,20.0,21
3146,Black,20.0,11
3149,Black,27.0,20
3152,Black,31.0,23
3153,Black,12.0,14
3155,Black,22.0,21
3156,Black,22.0,20
3158,Black,27.0,12
3159,Black,26.0,14
3160,Black,23.0,16
3163,Black,24.0,23
3164,White,20.0,2
3165,Black,24.0,14
3166,Black,24.0,16
3167,Black,23.0,17
3168,Black,28.0,18
3169,Black,31.0,18
3171,Black,29.0,1
3173,Black,13.0,22
3175,White,27.0,22
3176,Black,24.0,23
3178,Black,22.0,18
3179,Black,27.0,18
3180,Black,27.0,19
3182,Black,15.0,23
3183,White,36.0,23
3184,Black,18.0,19
3185,Black,22.0,19
3188,Black,30.0,20
3189,Black,23.0,21
3190,Black,22.0,22
3191,Black,70.0,23
3192,Black,22.0,23
3194,Black,26.0,23
3195,Black,20.0,23
3196,White,40.0,2
3197,White,41.0,3
3201,Black,18.0,21
3202,Black,19.0,0
3203,White,23.0,17
3204,Black,19.0,0
3206,Black,22.0,12
3207,Black,29.0,21
3208,White,16.0,22
3209,Black,23.0,16
3211,Black,24.0,0
3212,Black,53.0,17
3214,Black,18.0,22
3215,Black,13.0,23
3216,Black,39.0,21
3217,Black,30.0,0
3218,Black,25.0,14
3219,Black,17.0,16
3220,Black,50.0,16
3221,Black,27.0,19
3222,Black,27.0,20
3223,Black,26.0,10
3224,Black,45.0,15
3225,Black,21.0,2
3227,Black,24.0,16
3230,White,27.0,14
3231,Black,45.0,16
3233,Black,17.0,21
3234,Black,63.0,21
3235,Black,24.0,0
3236,Black,18.0,0
3237,White,39.0,20
3238,Black,22.0,0
3239,Black,25.0,1
3240,White,39.0,19
3241,Black,20.0,19
3244,Black,47.0,15
3245,Black,24.0,0
3246,Black,25.0,2
3247,Black,49.0,17
3248,Black,33.0,5
3249,White,33.0,16
3250,Black,29.0,21
3252,Black,25.0,9
3253,Black,26.0,15
3254,Black,19.0,19
3255,Black,23.0,20
3256,Black,25.0,21
3257,Black,17.0,22
3258,Black,17.0,22
3259,White,17.0,9
3260,Black,41.0,10
3261,Black,23.0,19
3262,Black,23.0,11
3264,Black,19.0,21
3265,Black,51.0,0
3266,Black,47.0,21
3267,Black,30.0,7
3269,Black,22.0,20
3270,Black,27.0,21
3271,Black,26.0,11
3272,Black,22.0,15
3274,Black,24.0,12
3275,Black,28.0,13
3282,Black,31.0,19
3283,Black,42.0,16
3287,Black,20.0,20
3288,Black,30.0,21
3290,White,36.0,0
3291,Black,21.0,17
3292,Black,34.0,20
3294,Black,18.0,17
3295,Black,20.0,18
3296,Black,62.0,18
3297,Black,20.0,21
3307,Black,22.0,1
3308,Black,31.0,2
3309,Black,33.0,4
3310,White,23.0,19
3311,Black,31.0,20
3312,Black,20.0,22
3313,Black,32.0,23
3315,Black,24.0,1
3316,Black,26.0,1
3317,White,42.0,2
3318,Black,26.0,2
3319,Black,17.0,19
3320,Black,40.0,23
3322,Black,20.0,20
3323,Black,22.0,0
3324,Black,28.0,0
3325,Black,99.0,0
3326,Black,24.0,3
3327,Black,37.0,6
3328,Black,30.0,18
3329,Black,21.0,18
3330,Black,42.0,19
3331,Black,18.0,20
3333,Black,22.0,4
3334,White,39.0,4
3335,White,38.0,4
3336,White,17.0,19
3337,Black,28.0,19
3339,Black,24.0,19
3341,Black,47.0,21
3343,Black,34.0,22
3355,Black,60.0,19
3356,Black,28.0,20
3357,Black,27.0,20
3358,Black,23.0,1
3359,Black,18.0,1
3361,Black,29.0,4
3362,White,28.0,9
3364,Black,22.0,20
3365,Black,30.0,8
3367,Black,25.0,4
3368,Black,17.0,12
3369,Black,33.0,13
3370,Black,20.0,14
3371,Black,30.0,15
3372,Black,25.0,22
3374,Black,41.0,8
3375,Black,69.0,17
3376,Black,25.0,23
3377,White,19.0,5
3378,Black,28.0,6
3379,Black,22.0,6
3381,Black,15.0,22
3383,Black,49.0,15
3386,Black,15.0,20
3387,Black,,22
3389,Black,40.0,14
3390,Black,22.0,1
3391,Black,23.0,1
3392,Black,27.0,2
3393,Black,55.0,4
3394,Black,20.0,18
3396,Black,26.0,21
3397,Black,17.0,21
3399,Black,21.0,21
3401,Black,22.0,15
3402,Black,68.0,15
3404,Black,25.0,21
3405,Black,17.0,21
3406,Black,15.0,23
3407,Black,16.0,5
3408,Black,28.0,10
3411,Black,20.0,0
3416,Black,45.0,22
3417,Black,25.0,23
3418,Black,18.0,16
3419,Black,19.0,20
3420,White,19.0,22
3421,White,19.0,23
3422,White,19.0,23
3423,Black,37.0,9
3424,White,22.0,2
3427,Black,23.0,4
3428,White,29.0,5
3429,Black,29.0,6
3431,White,17.0,16
3432,Black,17.0,19
3433,Black,25.0,1
3434,Black,40.0,0
3436,Black,20.0,23
3437,White,30.0,4
3439,Black,18.0,20
3440,Black,23.0,17
3441,Black,25.0,18
3448,White,31.0,23
3449,Black,20.0,23
3450,Black,44.0,19
3451,Black,21.0,20
3452,Black,27.0,4
3453,Black,25.0,17
3456,Black,53.0,10
3457,Black,18.0,21
3458,Black,33.0,2
3460,Black,22.0,13
3461,Black,20.0,18
3462,Black,26.0,19
3464,White,18.0,22
3465,Black,27.0,23
3466,Asian,17.0,8
3468,Black,33.0,1
3469,Black,24.0,12
3470,Black,29.0,15
3471,Black,38.0,15
3472,White,22.0,4
3473,White,27.0,6
3474,Black,24.0,18
3475,White,29.0,22
3476,Black,29.0,0
3478,Black,15.0,23
3479,White,38.0,12
3480,Black,24.0,18
3481,Black,43.0,18
3482,Black,33.0,21
3483,Black,29.0,22
3484,Black,23.0,3
3485,Black,37.0,0
3487,Black,23.0,11
3488,Black,25.0,0
3489,Black,14.0,2
3490,Black,28.0,17
3491,Black,26.0,18
3492,Black,24.0,19
3493,Black,20.0,20
3496,Black,19.0,19
3497,Black,64.0,6
3498,Black,22.0,18
3499,Black,20.0,22
3500,Black,25.0,19
3501,Black,40.0,22
3502,White,20.0,1
3504,Black,29.0,13
3505,Black,19.0,17
3506,Black,21.0,19
3507,Black,37.0,4
3510,Black,29.0,12
3511,Black,27.0,12
3514,Black,,14
3515,Black,22.0,14
3516,Black,20.0,22
3517,Black,33.0,2
3518,White,31.0,22
3519,Black,27.0,22
3520,Black,44.0,4
3523,Black,31.0,4
3524,Black,24.0,22
3526,Black,26.0,15
3527,Black,21.0,15
3528,Black,18.0,18
3529,Black,21.0,20
3530,Black,16.0,20
3531,Black,34.0,21
3532,White,16.0,21
3533,Black,20.0,3
3535,Black,19.0,18
3536,White,26.0,22
3537,White,21.0,23
3538,White,18.0,15
3539,White,40.0,3
3540,Black,27.0,5
3541,White,21.0,11
3542,Black,23.0,5
3543,Black,46.0,9
3544,Black,27.0,16
3545,Black,19.0,0
3546,White,22.0,7
3549,White,33.0,12
3550,Black,28.0,15
3551,Black,17.0,21
3552,Black,20.0,23
3553,Black,49.0,9
3554,White,30.0,9
3555,White,31.0,11
3557,Black,76.0,18
3558,Black,30.0,19
3559,Black,23.0,15
3560,Black,21.0,15
3561,Black,22.0,16
3562,Black,24.0,16
3563,Black,22.0,23
3564,Black,30.0,2
3565,Black,46.0,9
3566,Black,30.0,13
3568,Black,19.0,23
3571,Black,18.0,22
3574,Black,19.0,12
3575,Black,32.0,18
3576,Black,49.0,23
3577,Black,28.0,14
3580,Black,22.0,20
3582,White,33.0,14
3586,Black,22.0,17
3590,Black,,17
3591,Black,31.0,23
3592,Black,18.0,23
3593,White,26.0,0
3594,Black,22.0,1
3596,Black,40.0,13
3597,Black,33.0,15
3598,White,29.0,22
3601,White,27.0,3
3603,Black,29.0,22
3604,Black,24.0,10
3605,White,22.0,19
3609,Black,30.0,21
3611,Black,16.0,23
3612,White,18.0,23
3613,Black,29.0,19
3615,Black,29.0,9
3619,Black,18.0,16
3621,Black,49.0,21
3622,Black,19.0,17
3623,Black,20.0,19
3624,Black,21.0,22
3630,Black,24.0,18
3634,Black,23.0,22
3635,Black,24.0,23
3636,Black,21.0,23
3638,Black,29.0,2
3639,White,22.0,2
3640,White,45.0,4
3641,White,35.0,1
3642,Black,27.0,2
3643,Black,20.0,10
3645,Black,24.0,22
3646,White,52.0,23
3647,Black,21.0,21
3648,Black,32.0,21
3650,Black,20.0,3
3651,Black,52.0,23
3652,White,30.0,13
3653,Black,25.0,22
3656,Black,21.0,20
3658,Black,16.0,0
3660,Black,22.0,21
3661,Black,27.0,23
3663,White,2.0,16
3664,White,34.0,23
3666,Black,16.0,20
3667,Black,25.0,5
3668,Black,18.0,3
3669,Black,24.0,3
3671,Black,14.0,3
3672,Black,19.0,4
3673,Black,57.0,18
3674,Black,43.0,18
3675,Black,,20
3677,White,14.0,20
3678,Black,21.0,19
3679,White,56.0,2
3680,White,53.0,13
3681,White,27.0,16
3684,Black,23.0,19
3685,Black,17.0,19
3686,Black,95.0,3
3688,Black,33.0,4
3695,Black,36.0,0
3696,Black,22.0,2
3700,White,29.0,3
3701,Black,18.0,22
3702,White,27.0,0
3703,Black,30.0,19
3704,Black,22.0,20
3708,Black,28.0,22
3709,Black,23.0,23
3710,Black,29.0,0
3711,Black,34.0,12
3712,Black,31.0,13
3714,Black,24.0,19
3715,Black,27.0,21
3716,Black,23.0,22
3717,Black,27.0,22
3718,White,19.0,23
3719,Black,22.0,23
3720,Black,27.0,23
3721,Black,41.0,23
3722,Black,20.0,22
3724,Black,30.0,0
3725,White,25.0,1
3726,White,30.0,3
3728,White,23.0,2
3730,Black,28.0,21
3731,Black,34.0,22
3735,Black,26.0,18
3736,Black,32.0,20
3737,Black,16.0,20
3738,Black,32.0,21
3739,Black,20.0,23
3742,White,19.0,21
3743,Black,18.0,21
3744,Black,23.0,22
3745,White,19.0,17
3746,Black,31.0,21
3747,Black,20.0,21
3748,Black,19.0,21
3749,Black,19.0,22
3750,Black,28.0,1
3751,Black,26.0,3
3752,Black,30.0,10
3753,Black,22.0,22
3755,Black,26.0,1
3756,Black,27.0,15
3757,Black,22.0,20
3758,Black,60.0,23
3759,Black,29.0,11
3761,Black,23.0,18
3762,Black,37.0,18
3764,Black,24.0,23
3765,White,33.0,15
3766,Black,18.0,19
3767,Black,26.0,15
3770,Black,34.0,22
3771,Black,32.0,19
3772,Black,22.0,2
3773,Black,30.0,21
3775,Black,19.0,22
3776,White,36.0,22
3782,Black,23.0,19
3783,Black,37.0,19
3785,Black,22.0,22
3786,Black,18.0,22
3787,Black,22.0,13
3788,Black,16.0,0
3789,Black,28.0,9
3790,White,28.0,14
3791,Black,17.0,17
3792,Black,17.0,3
3794,Black,28.0,9
3795,Black,37.0,19
3796,Black,25.0,19
3798,Black,30.0,23
3799,Black,34.0,20
3800,Black,16.0,23
3801,Black,33.0,23
3802,Black,26.0,18
3804,Black,26.0,19
3805,Black,31.0,20
3806,White,20.0,18
3807,Black,34.0,21
3809,Black,23.0,16
3810,Black,38.0,5
3812,Black,74.0,22
3813,Black,23.0,23
3814,Black,21.0,13
3816,White,20.0,22
3817,White,20.0,23
3818,Black,22.0,16
3819,Black,19.0,21
3822,White,35.0,13
3824,Black,52.0,0
3825,White,38.0,2
3827,Black,7.0,20
3828,Black,60.0,22
3830,Black,25.0,20
3832,Black,23.0,0
3833,Black,50.0,23
3834,Black,23.0,1
3836,Black,22.0,15
3838,Black,24.0,20
3839,Black,18.0,20
3840,Black,20.0,21
3841,White,31.0,13
3842,Black,17.0,2
3843,Black,47.0,15
3844,Black,18.0,20
3845,Black,31.0,21
3846,Black,34.0,1
3848,Black,35.0,15
3849,White,21.0,16
3850,White,23.0,16
3851,Black,19.0,15
3852,Black,26.0,2
3853,Black,33.0,16
3854,Black,28.0,17
3855,Black,32.0,20
3856,Black,50.0,3
3857,Black,26.0,23
3858,Black,22.0,0
3859,Black,24.0,0
3861,Black,22.0,23
3862,Black,38.0,17
3864,Black,22.0,22
3865,Black,26.0,20
3866,Black,20.0,11
3867,Black,33.0,0
3869,Black,30.0,18
3870,White,19.0,1
3872,Black,24.0,21
3874,Black,32.0,9
3875,White,25.0,18
3876,Black,22.0,19
3877,Black,16.0,22
3881,Black,22.0,23
3883,Black,25.0,0
3884,Black,17.0,1
3885,Black,15.0,1
3886,White,51.0,13
3887,Black,29.0,16
3888,Black,30.0,18
3891,Black,26.0,20
3892,Black,30.0,21
3893,Black,30.0,19
3894,Black,20.0,12
3895,Black,26.0,13
3896,Black,20.0,15
3897,Black,25.0,19
3898,White,44.0,20
3899,Black,23.0,22
3900,Black,19.0,23
3901,White,24.0,3
3903,White,15.0,13
3904,Black,37.0,14
3906,Black,23.0,18
3907,Black,38.0,21
3908,Black,20.0,11
3910,Black,34.0,0
3913,Black,39.0,0
3914,White,19.0,1
3915,White,17.0,2
3916,Black,19.0,23
3917,Black,19.0,13
3918,Black,59.0,9
3920,Black,24.0,22
3923,Black,13.0,16
3924,Black,48.0,19
3925,Black,15.0,20
3926,Black,16.0,0
3928,Black,32.0,17
3929,Black,50.0,21
3930,Black,30.0,21
3933,Black,20.0,15
3934,Black,20.0,19
3935,Black,17.0,21
3937,White,20.0,22
3938,Black,30.0,18
3939,Black,18.0,23
3940,Black,31.0,20
3941,Black,18.0,18
3943,White,53.0,14
3947,Black,25.0,20
3949,Black,19.0,19
3951,Black,24.0,22
3952,Black,36.0,0
3953,Black,34.0,0
3954,White,24.0,14
3956,Black,31.0,1
3957,Black,30.0,8
3962,Black,26.0,20
3964,Black,68.0,20
3965,Black,28.0,22
3966,Black,23.0,0
3967,Black,27.0,2
3968,Black,24.0,15
3969,Black,,18
3970,Black,38.0,23
3974,White,42.0,18
3977,Black,31.0,20
3978,Black,23.0,20
3979,White,38.0,20
3980,White,33.0,21
3982,White,20.0,23
3983,Black,23.0,4
3989,Black,30.0,1
3990,Black,40.0,13
3991,Black,22.0,0
3993,Black,38.0,18
3994,Black,18.0,1
3995,Black,17.0,15
3996,Black,27.0,18
3997,Black,21.0,23
3998,Black,15.0,0
4000,Black,32.0,12
4001,Black,17.0,18
4002,Black,21.0,0
4003,Black,70.0,19
4004,Black,38.0,20
4005,Black,22.0,8
4007,Black,28.0,15
4008,Black,28.0,16
4011,Black,23.0,12
4012,Black,27.0,19
4013,Black,21.0,19
4014,Black,20.0,20
4017,Black,35.0,22
4018,Black,38.0,17
4022,Black,26.0,15
4023,Black,17.0,16
4025,White,58.0,0
4026,Black,30.0,20
4027,White,,12
4028,Black,47.0,15
4029,Black,22.0,21
4030,Black,19.0,0
4031,White,24.0,23
4032,Black,54.0,9
4033,Black,29.0,15
4034,Black,21.0,19
4035,Black,20.0,23
4036,Black,48.0,23
4037,White,23.0,23
4038,White,25.0,21
4039,Black,52.0,1
4041,Black,34.0,21
4042,White,28.0,23
4043,Black,40.0,2
4044,Black,26.0,5
4045,White,22.0,19
4046,Black,18.0,20
4047,Black,63.0,14
4050,Black,27.0,10
4054,Black,17.0,20
4055,Black,16.0,19
4057,Black,29.0,11
4058,Black,23.0,2
4059,Black,69.0,16
4060,Black,44.0,17
4061,White,30.0,23
4062,White,20.0,5
4064,Black,30.0,12
4066,Black,29.0,22
4068,Black,43.0,20
4070,Black,40.0,20
4072,Black,22.0,13
4075,Black,23.0,23
4076,Black,32.0,3
4077,Black,23.0,4
4078,Black,36.0,14
4080,Black,27.0,21
4082,Black,38.0,20
4083,Black,42.0,21
4084,Black,26.0,21
4086,Black,33.0,0
4088,Black,20.0,18
4089,White,28.0,21
4090,Black,36.0,2
4092,Black,45.0,1
4093,Black,23.0,3
4095,Black,18.0,17
4098,Black,19.0,22
4099,Black,20.0,0
4100,White,29.0,15
4102,Black,18.0,11
4105,White,34.0,8
4106,White,21.0,9
4107,Black,18.0,4
4108,Black,18.0,23
4109,Black,39.0,23
4110,Black,21.0,0
4111,Black,24.0,0
4113,Black,21.0,22
4114,Black,22.0,1
4115,White,47.0,20
4116,Black,19.0,23
4118,Black,30.0,12
4120,Black,20.0,0
4121,Black,28.0,1
4122,Black,24.0,3
4123,White,21.0,4
4124,Black,30.0,22
4126,White,28.0,13
4127,Black,32.0,17
4128,Black,28.0,18
4129,Black,37.0,21
4130,White,39.0,5
4131,Black,21.0,23
4132,Black,47.0,23
4134,Black,53.0,1
4135,Black,28.0,2
4137,Black,38.0,1
4138,Black,19.0,23
4139,Black,28.0,0
4140,Black,19.0,19
4142,Black,40.0,22
4144,Black,20.0,5
4145,Black,25.0,5
4147,Black,21.0,20
4148,Black,20.0,20
4152,Black,24.0,18
4154,Black,21.0,13
4155,Black,48.0,0
4158,Black,28.0,17
4159,Black,31.0,21
4160,Black,23.0,13
4162,Black,20.0,1
4163,Black,25.0,1
4164,Black,21.0,21
4165,Black,48.0,13
4166,Black,28.0,14
4167,White,30.0,17
4168,White,20.0,20
4171,Black,13.0,23
4172,Black,22.0,23
4173,Black,13.0,23
4174,Black,25.0,20
4175,Black,38.0,19
4176,Black,52.0,21
4177,Black,19.0,22
4182,Black,38.0,18
4183,Black,41.0,23
4185,Black,22.0,21
4186,White,36.0,21
4187,White,32.0,22
4188,Black,51.0,14
4189,Black,21.0,4
4190,White,,21
4191,Black,19.0,23
4195,Black,,17
4196,Black,25.0,21
4197,Black,19.0,22
4198,Black,35.0,23
4199,Black,21.0,0
4201,Black,30.0,20
4202,White,24.0,22
4203,Black,22.0,22
4204,Black,25.0,23
4205,Black,23.0,23
4206,White,25.0,21
4207,Black,25.0,17
4208,Black,32.0,1
4209,Black,49.0,6
4210,Black,19.0,10
4211,Black,15.0,18
4213,Black,40.0,23
4214,Black,28.0,11
4215,Black,22.0,12
4216,Black,28.0,18
4217,Black,29.0,18
4220,Black,17.0,20
4221,Black,21.0,18
4222,Black,53.0,20
4223,Black,26.0,4
4224,Black,18.0,21
4225,White,47.0,20
4226,Black,52.0,18
4227,White,27.0,21
4230,Black,35.0,1
4232,Black,18.0,20
4234,Black,29.0,19
4236,Black,66.0,16
4238,White,29.0,20
4240,Black,16.0,1
4242,Black,22.0,11
4244,Black,32.0,7
4245,Black,30.0,11
4246,White,51.0,22
4247,White,53.0,22
4249,Black,40.0,3
4250,Black,37.0,3
4251,Black,38.0,15
4252,Black,20.0,20
4254,Black,25.0,0
4255,Black,30.0,0
4256,White,45.0,5
4257,Black,19.0,1
4258,Black,24.0,1
4260,White,40.0,3
4261,Black,32.0,20
4262,White,18.0,21
4263,Black,32.0,4
4264,Black,39.0,5
4265,Black,51.0,6
4266,Black,22.0,22
4273,Black,24.0,23
4276,Black,37.0,17
4277,Black,31.0,12
4278,Black,17.0,20
4283,Black,20.0,21
4286,Black,19.0,23
4288,Black,37.0,22
4289,Black,20.0,21
4290,Black,23.0,21
4291,Black,17.0,21
4292,Black,23.0,17
4294,Black,34.0,3
4296,Black,30.0,12
4297,White,22.0,20
4298,Black,21.0,22
4299,White,19.0,14
4300,Black,24.0,21
4301,Black,27.0,2
4302,Black,34.0,22
4303,Black,25.0,0
4304,Black,16.0,4
4305,Black,23.0,14
4307,White,61.0,12
4308,Black,24.0,16
4309,Black,38.0,23
4310,Black,33.0,19
4311,Black,44.0,18
4312,Black,28.0,3
4313,Black,27.0,16
4314,White,54.0,18
4315,Black,22.0,23
4316,Black,23.0,9
4317,Black,30.0,15
4318,Black,20.0,22
4319,Black,30.0,23
4326,Black,26.0,21
4327,Black,24.0,19
4328,Black,34.0,15
4330,Black,34.0,3
4331,Black,21.0,20
4332,Black,18.0,20
4333,Black,23.0,20
4334,Black,39.0,21
4336,Black,22.0,23
4337,Black,28.0,20
4338,Black,43.0,19
4339,Black,29.0,10
4340,White,31.0,1
4342,Black,25.0,18
4343,Black,27.0,12
4344,Black,22.0,17
4346,Black,33.0,18
4349,Black,18.0,1
4350,Black,22.0,22
4352,Black,42.0,11
4353,Black,13.0,23
4357,Black,25.0,16
4359,Black,18.0,1
4360,Black,29.0,14
4362,White,20.0,0
4363,Black,40.0,5
4364,Black,17.0,10
4365,Asian,18.0,11
4367,Black,19.0,21
4368,Black,24.0,22
4369,Black,18.0,21
4370,Black,17.0,21
4371,Black,16.0,22
4372,Black,22.0,11
4373,Black,27.0,18
4374,Black,25.0,20
4375,White,23.0,20
4380,Black,1.0,22
4383,White,21.0,17
4384,Black,23.0,22
4385,Black,28.0,23
4386,Black,30.0,1
4391,Black,51.0,1
4392,Black,22.0,2
4398,Black,47.0,6
4399,White,24.0,23
4400,Black,40.0,18
4401,Black,28.0,18
4403,Black,35.0,15
4404,Black,20.0,23
4406,Black,27.0,22
4407,Black,20.0,23
4409,Black,31.0,12
4411,Black,40.0,2
4416,Black,16.0,16
4418,Black,22.0,22
4419,Black,58.0,0
4420,White,40.0,13
4421,Black,25.0,13
4422,Black,22.0,18
4423,Black,18.0,17
4426,White,44.0,18
4427,Black,20.0,18
4430,Black,32.0,23
4431,Black,29.0,14
4432,Black,19.0,23
4434,Black,23.0,19
4435,Black,19.0,21
4436,Black,22.0,0
4439,Black,36.0,22
4440,Black,28.0,4
4444,Black,18.0,1
4445,Black,23.0,19
4446,Black,22.0,20
4447,Black,19.0,20
4448,Black,22.0,20
4449,Black,29.0,0
4451,Asian,25.0,2
4452,Black,17.0,19
4453,Black,27.0,19
4454,Black,19.0,11
4455,Black,24.0,17
4456,Black,23.0,18
4457,Black,25.0,19
4459,Black,33.0,20
4460,White,24.0,21
4473,Black,21.0,20
4474,Black,22.0,21
4482,Black,43.0,0
4483,Black,23.0,20
4484,Black,57.0,21
4485,Black,22.0,22
4486,Black,52.0,23
4487,Black,19.0,23
4488,Black,23.0,12
4489,White,31.0,16
4490,White,24.0,21
4492,Black,24.0,23
4493,Black,24.0,0
4494,White,38.0,2
4495,White,37.0,4
4496,Black,31.0,12
4497,Black,16.0,10
4498,White,24.0,15
4499,White,19.0,15
4500,Black,25.0,15
4501,Black,22.0,15
4502,Black,26.0,22
4503,Black,19.0,23
4506,Black,22.0,20
4507,Black,24.0,2
4509,Black,33.0,2
4510,Black,20.0,22
4511,Black,61.0,22
4512,Black,21.0,2
4516,Black,20.0,0
4517,Black,29.0,20
4518,Black,47.0,7
4519,Black,34.0,17
4520,Black,24.0,19
4523,White,37.0,13
4524,Black,27.0,1
4525,Black,30.0,3
4526,Black,18.0,21
4530,Black,24.0,12
4531,Black,15.0,22
4532,Black,23.0,23
4533,Black,22.0,12
4534,Black,26.0,19
4535,Black,26.0,21
4536,White,29.0,22
4539,White,43.0,22
4541,Black,31.0,20
4543,White,47.0,14
4546,Black,34.0,0
4547,Black,21.0,15
4549,White,29.0,18
4550,White,34.0,19
4551,Black,26.0,19
4552,White,31.0,21
4553,Black,31.0,21
4555,Black,24.0,17
4556,White,24.0,19
4559,White,27.0,9
4565,Black,18.0,23
4567,Black,23.0,22
4568,Black,51.0,1
4569,Black,30.0,1
4571,Black,6.0,19
4573,White,32.0,1
4574,Black,21.0,21
4576,Black,21.0,21
4577,Black,21.0,21
4578,Black,28.0,12
4580,Black,25.0,17
4581,Black,24.0,20
4584,Black,29.0,21
4585,Black,18.0,14
4586,Black,23.0,19
4587,Black,45.0,21
4589,Black,18.0,23
4590,Black,35.0,21
4591,Black,29.0,17
4593,White,24.0,15
4594,White,18.0,15
4596,Black,18.0,19
4597,Black,40.0,20
4598,Black,31.0,21
4599,Black,25.0,17
4600,White,40.0,7
4604,Black,25.0,15
4605,Black,23.0,1
4606,Black,15.0,18
4607,Black,22.0,0
4608,Black,31.0,19
4609,Black,43.0,20
4610,Black,27.0,22
4611,Black,27.0,22
4612,Black,16.0,19
4613,Black,44.0,20
4614,Black,27.0,9
4616,Black,29.0,21
4617,Black,42.0,21
4618,Black,62.0,22
4619,White,29.0,23
4620,Black,17.0,23
4621,White,42.0,7
4623,Black,22.0,20
4625,Black,20.0,3
4626,Black,21.0,4
4627,Black,22.0,14
4628,Black,21.0,15
4630,Black,35.0,23
4631,Black,,0
4632,Black,21.0,1
4633,Black,43.0,12
4634,White,48.0,19
4636,White,24.0,23
4637,Black,27.0,20
4639,White,35.0,23
4640,White,41.0,0
4641,Black,18.0,23
4642,Black,24.0,11
4644,Black,22.0,2
4645,Black,22.0,0
4647,Black,36.0,21
4648,Black,25.0,0
4649,Black,51.0,21
4650,White,35.0,0
4651,Black,30.0,21
4652,Black,49.0,0
4653,Black,21.0,13
4655,Black,21.0,23
4657,Black,20.0,3
4658,Black,33.0,2
4660,Black,53.0,21
4661,White,19.0,1
4663,Black,25.0,16
4664,Black,51.0,21
4665,White,25.0,0
4667,Black,16.0,1
4669,Black,26.0,11
4670,Black,30.0,11
4673,Black,45.0,22
4674,Black,51.0,2
4676,White,33.0,12
4677,White,29.0,14
4678,White,21.0,15
4680,Black,11.0,2
4682,Black,31.0,20
4683,Black,38.0,21
4684,Black,20.0,21
4685,Black,21.0,19
4687,Black,44.0,18
4689,Black,23.0,22
4690,Black,27.0,10
4691,White,17.0,0
4692,White,16.0,10
4695,Black,39.0,17
4698,Black,59.0,13
4699,Black,35.0,17
4701,Black,19.0,21
4702,White,22.0,0
4703,Black,19.0,23
4704,White,,23
4705,White,99.0,23
4707,Black,27.0,16
4708,Black,49.0,4
4711,Black,26.0,18
4712,Black,23.0,19
4714,Black,24.0,21
4715,White,33.0,22
4716,Black,24.0,22
4717,Black,16.0,17
4720,Black,22.0,21
4721,Black,19.0,10
4723,Black,22.0,0
4724,Black,23.0,20
4727,Black,37.0,22
4728,Black,22.0,2
4729,Black,19.0,11
4730,Asian,99.0,19
4731,Black,23.0,23
4732,Black,25.0,13
4733,White,25.0,15
4734,White,21.0,17
4735,Black,18.0,22
4736,Black,31.0,2
4740,Black,31.0,9
4741,Black,44.0,0
4744,Black,21.0,15
4748,Black,61.0,22
4749,White,33.0,22
4750,Black,20.0,23
4751,White,28.0,23
4753,Black,25.0,21
4754,Black,29.0,1
4755,Black,31.0,19
4756,Black,99.0,21
4757,White,38.0,1
4759,Black,42.0,11
4760,Black,29.0,16
4761,Black,18.0,23
4762,Black,19.0,10
4763,Black,21.0,15
4765,Black,27.0,19
4768,Black,20.0,23
4769,Black,18.0,22
4771,Black,35.0,3
4772,Black,22.0,3
4773,Black,30.0,21
4775,Black,61.0,19
4777,Black,32.0,22
4778,White,64.0,23
4779,Black,49.0,23
4781,Black,24.0,18
4782,Black,24.0,19
4784,Black,20.0,15
4785,Black,22.0,18
4786,Black,18.0,20
4787,Black,21.0,22
4788,Black,17.0,22
4789,Black,28.0,16
4790,Black,43.0,19
4792,Black,16.0,0
4793,Black,20.0,2
4794,Black,22.0,22
4795,Black,36.0,23
4796,White,24.0,23
4797,Black,39.0,0
4798,White,24.0,19
4801,White,21.0,17
4803,White,52.0,22
4804,Black,32.0,23
4806,Black,99.0,21
4807,White,29.0,12
4809,Black,24.0,20
4810,Black,29.0,21
4812,Black,19.0,15
4813,White,17.0,16
4814,Black,26.0,19
4815,Black,45.0,21
4818,Black,14.0,18
4822,Black,5.0,18
4824,Black,20.0,23
4825,Black,20.0,20
4828,Black,38.0,23
4829,Black,16.0,15
4831,Black,29.0,22
4832,Black,28.0,23
4833,Black,31.0,23
4834,White,20.0,1
4835,White,30.0,2
4837,Black,21.0,2
4838,Black,18.0,3
4839,Black,20.0,1
4840,Black,42.0,16
4841,Black,24.0,20
4842,Black,23.0,0
4844,White,31.0,2
4845,Black,21.0,12
4846,Black,23.0,12
4847,Black,40.0,16
4848,Black,40.0,18
4849,Black,22.0,19
4850,Black,19.0,11
4851,Black,22.0,0
4852,Black,30.0,2
4854,Black,43.0,9
4857,Black,24.0,23
4858,White,30.0,12
4859,Black,26.0,21
4860,Black,26.0,22
4861,Black,44.0,15
4862,Black,32.0,12
4864,Black,25.0,0
4865,White,32.0,4
4868,Black,30.0,16
4871,Black,38.0,2
4872,Black,21.0,18
4878,Black,33.0,1
4879,Black,19.0,14
4880,Black,21.0,1
4881,Black,14.0,22
4883,Black,25.0,18
4885,Black,14.0,22
4888,White,31.0,3
4889,White,55.0,3
4890,Black,58.0,4
4891,Black,27.0,5
4892,Black,31.0,22
4896,Black,29.0,20
4897,Black,26.0,21
4898,Black,35.0,9
4899,Black,19.0,21
4900,Black,21.0,21
4901,Black,56.0,15
4902,Black,33.0,0
4903,Black,42.0,2
4904,Black,54.0,1
4907,Black,41.0,0
4908,Black,20.0,15
4909,Black,30.0,15
4911,Black,25.0,22
4912,Black,46.0,1
4913,Black,36.0,20
4914,Black,27.0,5
4915,Black,23.0,5
4916,Black,44.0,2
4918,Black,26.0,19
4919,Black,28.0,20
4920,Black,29.0,21
4921,Black,35.0,21
4922,Black,20.0,23
4923,Black,20.0,0
4924,Black,26.0,19
4925,Black,33.0,10
4926,White,45.0,10
4927,Asian,31.0,10
4928,Black,22.0,13
4929,White,41.0,17
4930,Black,43.0,22
4931,Black,30.0,22
4932,White,28.0,5
4933,Black,21.0,10
4934,White,30.0,4
4935,Black,16.0,18
4936,Black,17.0,20
4937,Black,16.0,20
4938,Black,15.0,20
4939,Black,8.0,20
4941,Black,42.0,17
4943,Black,31.0,11
4944,Black,18.0,22
4945,Black,15.0,13
4946,Black,24.0,0
4948,Black,20.0,20
4949,Black,22.0,0
4950,Black,26.0,16
4951,Black,18.0,15
4952,White,22.0,21
4953,Black,14.0,18
4954,Black,43.0,18
4955,White,21.0,18
4956,Black,26.0,19
4957,Black,23.0,21
4958,White,22.0,19
4959,Black,54.0,1
4960,Black,24.0,1
4961,Black,41.0,9
4964,Black,32.0,1
4965,Black,29.0,19
4967,Black,15.0,22
4969,Black,54.0,22
4970,Black,18.0,23
4971,White,19.0,12
4972,White,25.0,23
4973,Black,38.0,19
4975,Black,18.0,14
4976,Black,33.0,0
4977,Black,29.0,10
4980,Black,28.0,5
4982,Black,18.0,22
4983,Black,39.0,4
4986,Black,30.0,12
4987,Black,25.0,15
4989,Black,25.0,18
4990,Black,18.0,19
4991,White,21.0,21
4992,Black,30.0,22
4993,Black,64.0,22
4994,White,16.0,10
4995,White,30.0,10
4996,White,32.0,14
4997,White,25.0,12
4998,Black,26.0,14
4999,Black,3.0,15
5000,Black,16.0,21
5001,White,33.0,21
5002,Black,35.0,23
5004,Black,26.0,3
5005,White,21.0,18
5006,Black,45.0,20
5007,Black,21.0,21
5008,Black,15.0,22
5010,Black,30.0,11
5012,Black,29.0,12
5013,White,21.0,1
5014,White,22.0,1
5015,White,22.0,1
5018,Black,24.0,14
5019,Black,51.0,16
5020,Black,25.0,1
5022,Black,37.0,10
5023,White,40.0,10
5024,Black,22.0,14
5025,Black,53.0,19
5030,Black,18.0,20
5031,Black,73.0,13
5032,Black,18.0,21
5033,Black,22.0,10
5037,Black,35.0,22
5038,Black,30.0,22
5040,Black,25.0,19
5041,Black,42.0,19
5042,Black,46.0,19
5043,Black,42.0,0
5044,Black,29.0,0
5045,Black,17.0,0
5046,Black,25.0,0
5051,Black,25.0,16
5052,Black,21.0,20
5053,Black,45.0,21
5054,Black,19.0,23
5055,Black,29.0,21
5056,Black,30.0,15
5059,Black,23.0,20
5060,White,23.0,21
5061,Black,35.0,22
5062,Black,22.0,22
5064,Black,21.0,5
5065,Black,19.0,1
5066,Black,25.0,2
5069,Black,16.0,22
5070,Black,22.0,0
5073,White,15.0,14
5074,Black,25.0,17
5075,Black,28.0,21
5076,Black,30.0,0
5077,Black,32.0,19
5079,Black,26.0,0
5080,White,47.0,2
5082,Black,35.0,21
5083,Black,51.0,0
5084,Black,33.0,12
5086,Black,34.0,9
5087,White,42.0,0
5088,Black,29.0,20
5089,Black,37.0,13
5090,Black,30.0,14
5100,Black,19.0,1
5101,Black,23.0,4
5102,White,20.0,13
5103,Black,28.0,21
5104,Black,28.0,22
5107,Black,2.0,21
5108,Black,25.0,22
5109,Black,27.0,22
5110,Black,28.0,23
5111,Black,26.0,3
5112,Black,57.0,4
5113,Black,25.0,4
5114,White,25.0,17
5115,Black,41.0,19
5116,Black,21.0,22
5117,Black,18.0,22
5118,Black,24.0,1
5119,Black,20.0,1
5120,Black,17.0,1
5121,Black,19.0,1
5124,White,25.0,23
5125,Black,35.0,3
5126,Black,27.0,10
5127,White,22.0,18
5128,Black,26.0,15
5129,Black,22.0,16
5130,Black,16.0,21
5131,Black,20.0,21
5132,White,40.0,13
5133,Black,21.0,14
5134,Black,28.0,19
5135,Black,28.0,3
5137,Black,18.0,15
5144,Black,29.0,19
5145,Black,31.0,1
5146,Black,23.0,15
5147,White,22.0,19
5148,Black,45.0,19
5149,Black,18.0,7
5150,Black,17.0,23
5151,Black,17.0,20
5152,Black,41.0,2
5153,Black,26.0,11
5155,Black,17.0,20
5157,Black,12.0,0
5158,Black,18.0,0
5159,Black,30.0,1
5160,Black,36.0,1
5161,Black,21.0,22
5166,Black,63.0,21
5167,,99.0,18
5168,Black,18.0,21
5170,Black,21.0,13
5172,Black,43.0,11
5173,Black,25.0,13
5175,White,28.0,23
5178,Black,19.0,23
5179,Black,40.0,23
5181,White,41.0,21
5182,White,20.0,1
5183,Black,21.0,2
5185,Black,28.0,3
5186,Black,22.0,4
5192,Black,22.0,21
5193,Black,24.0,0
5197,Black,28.0,14
5198,Black,21.0,14
5199,Black,21.0,14
5200,Black,26.0,23
5205,Black,24.0,0
5206,Black,17.0,1
5207,Black,38.0,18
5208,Black,18.0,1
5209,Black,19.0,14
5210,Black,49.0,1
5211,Black,26.0,13
5214,Black,25.0,20
5215,White,32.0,23
5216,White,29.0,23
5217,White,20.0,1
5218,Black,21.0,23
5219,White,42.0,14
5220,Black,24.0,19
5221,Black,33.0,11
5222,Black,22.0,1
5223,Black,44.0,22
5224,Black,19.0,23
5225,Black,16.0,23
5226,Black,27.0,1
5227,Black,27.0,3
5228,Black,30.0,8
5230,Black,28.0,1
5232,Black,31.0,17
5235,Black,19.0,16
5237,Black,44.0,22
5238,Black,38.0,23
5242,White,21.0,14
5244,White,23.0,20
5245,Black,32.0,20
5246,Black,20.0,2
5247,Black,28.0,17
5248,Black,31.0,21
5249,White,27.0,10
5250,White,26.0,11
5252,White,18.0,15
5253,Black,21.0,17
5255,Black,47.0,4
5257,Black,22.0,20
5261,Black,20.0,20
5262,Black,18.0,8
5266,Black,26.0,2
5268,Black,20.0,22
5269,Black,19.0,9
5270,Black,21.0,16
5271,Black,52.0,19
5272,White,29.0,10
5275,Black,17.0,23
5276,Black,25.0,19
5277,White,26.0,19
